 Q, I, DelI, Q_mean, Q_Unc, Shadow
5.0000e-03 4.9008e+03 3.9982e+01 5.7070e-03 3.5091e-03 1.0000e+00
6.4894e-03 1.6800e+03 2.0233e+01 7.2801e-03 3.0515e-03 1.0000e+00
7.9787e-03 6.9050e+02 1.2552e+01 8.7749e-03 2.9459e-03 1.0000e+00
9.4681e-03 3.8521e+02 8.6148e+00 1.0189e-02 2.7101e-03 1.0000e+00
1.0957e-02 2.2794e+02 5.9613e+00 1.1694e-02 2.4431e-03 1.0000e+00
1.2447e-02 1.4179e+02 4.6675e+00 1.3229e-02 2.4245e-03 1.0000e+00
1.3936e-02 1.0372e+02 3.9381e+00 1.4703e-02 2.3884e-03 1.0000e+00
1.5426e-02 8.3780e+01 3.4254e+00 1.6160e-02 2.3205e-03 1.0000e+00
1.6915e-02 5.7705e+01 2.6900e+00 1.7664e-02 2.1864e-03 1.0000e+00
1.8404e-02 4.5490e+01 2.3000e+00 1.9210e-02 2.1216e-03 1.0000e+00
1.9894e-02 4.2065e+01 2.2487e+00 2.0645e-02 2.1604e-03 1.0000e+00
2.1383e-02 3.7959e+01 1.9648e+00 2.2101e-02 1.9971e-03 1.0000e+00
2.2872e-02 2.9805e+01 1.6531e+00 2.3646e-02 1.9192e-03 1.0000e+00
2.4362e-02 2.9479e+01 1.6785e+00 2.5132e-02 1.9480e-03 1.0000e+00
2.5851e-02 2.8244e+01 1.6230e+00 2.6582e-02 1.9294e-03 1.0000e+00
2.7340e-02 2.5448e+01 1.4663e+00 2.8069e-02 1.8508e-03 1.0000e+00
2.8830e-02 2.3842e+01 1.4322e+00 2.9591e-02 1.8681e-03 1.0000e+00
3.0319e-02 2.0921e+01 1.6268e+00 3.1125e-02 2.4123e-03 1.0000e+00
3.1809e-02 2.1053e+01 1.9522e+00 3.2396e-02 3.0614e-03 1.0000e+00
3.3298e-02 2.0968e+01 2.0885e+00 3.4002e-02 4.0023e-03 1.0000e+00
3.4787e-02 2.0025e+01 1.7952e+00 3.5534e-02 3.5228e-03 1.0000e+00
3.6277e-02 2.5815e+01 2.5888e+00 3.6902e-02 4.5011e-03 1.0000e+00
3.7766e-02 1.9071e+01 3.9821e+00 3.7941e-02 8.0117e-03 1.0000e+00
4.2234e-02 2.4917e+01 2.1945e+00 4.3660e-02 2.4011e-02 1.0000e+00
4.3723e-02 2.4330e+01 1.3659e+00 4.3964e-02 1.5186e-02 1.0000e+00
4.5213e-02 2.1483e+01 7.6663e-01 4.5910e-02 9.0765e-03 1.0000e+00
4.6702e-02 2.3055e+01 1.2159e+00 4.7887e-02 1.3866e-02 1.0000e+00
4.8191e-02 2.4481e+01 1.0215e+00 4.8420e-02 1.1322e-02 1.0000e+00
4.9681e-02 2.5131e+01 8.0365e-01 5.0470e-02 8.7712e-03 1.0000e+00
5.1170e-02 2.7495e+01 1.3283e+00 5.2296e-02 1.3870e-02 1.0000e+00
5.2660e-02 2.7999e+01 9.9025e-01 5.2963e-02 1.0244e-02 1.0000e+00
5.4149e-02 3.1284e+01 8.8040e-01 5.4996e-02 8.6312e-03 1.0000e+00
5.5638e-02 3.3401e+01 1.3547e+00 5.6673e-02 1.2845e-02 1.0000e+00
5.7128e-02 3.4851e+01 1.0364e+00 5.7538e-02 9.6131e-03 1.0000e+00
5.8617e-02 4.1500e+01 9.8365e-01 5.9550e-02 8.3684e-03 1.0000e+00
6.0106e-02 4.8148e+01 1.6902e+00 6.1069e-02 1.3335e-02 1.0000e+00
6.1596e-02 5.3021e+01 1.1675e+00 6.2079e-02 8.7786e-03 1.0000e+00
6.3085e-02 6.2943e+01 1.2116e+00 6.4076e-02 8.3714e-03 1.0000e+00
6.4574e-02 8.0092e+01 2.0288e+00 6.5415e-02 1.2418e-02 1.0000e+00
6.6064e-02 8.9923e+01 1.4495e+00 6.6594e-02 8.3731e-03 1.0000e+00
6.7553e-02 1.1211e+02 1.6425e+00 6.8588e-02 8.5044e-03 1.0000e+00
6.9043e-02 1.2195e+02 2.3518e+00 6.9725e-02 1.1669e-02 1.0000e+00
7.0532e-02 1.4892e+02 1.7385e+00 7.1132e-02 7.8060e-03 1.0000e+00
7.2021e-02 1.8423e+02 2.1394e+00 7.3099e-02 8.6440e-03 1.0000e+00
7.3511e-02 1.8625e+02 2.9971e+00 7.3889e-02 1.2033e-02 1.0000e+00
7.5000e-02 2.1347e+02 1.9353e+00 7.5582e-02 7.2573e-03 1.0000e+00
7.6489e-02 2.3344e+02 2.3730e+00 7.7546e-02 8.5116e-03 1.0000e+00
7.7979e-02 2.3603e+02 3.1811e+00 7.8323e-02 1.1350e-02 1.0000e+00
7.9468e-02 2.4595e+02 2.0100e+00 8.0109e-02 7.0250e-03 1.0000e+00
8.0957e-02 2.4452e+02 2.4187e+00 8.2026e-02 8.5154e-03 1.0000e+00
8.2447e-02 2.4091e+02 2.8935e+00 8.2862e-02 1.0271e-02 1.0000e+00
8.3936e-02 2.2922e+02 1.8954e+00 8.4650e-02 6.8834e-03 1.0000e+00
8.5426e-02 2.0855e+02 2.3039e+00 8.6477e-02 8.7989e-03 1.0000e+00
8.6915e-02 2.0029e+02 2.3306e+00 8.7349e-02 9.1086e-03 1.0000e+00
8.8404e-02 1.7903e+02 1.6734e+00 8.9159e-02 6.8869e-03 1.0000e+00
8.9894e-02 1.5451e+02 1.9825e+00 9.0872e-02 8.8033e-03 1.0000e+00
9.1383e-02 1.5007e+02 1.8390e+00 9.1845e-02 8.2702e-03 1.0000e+00
9.2872e-02 1.2330e+02 1.3857e+00 9.3667e-02 6.8905e-03 1.0000e+00
9.4362e-02 1.0663e+02 1.6824e+00 9.5253e-02 8.9585e-03 1.0000e+00
9.5851e-02 9.7842e+01 1.3504e+00 9.6345e-02 7.5353e-03 1.0000e+00
9.7340e-02 7.8258e+01 1.1028e+00 9.8174e-02 6.8943e-03 1.0000e+00
9.8830e-02 6.8333e+01 1.3638e+00 9.9640e-02 9.1221e-03 1.0000e+00
1.0032e-01 6.2382e+01 1.0266e+00 1.0081e-01 7.1967e-03 1.0000e+00
1.0181e-01 4.9854e+01 8.7048e-01 1.0263e-01 6.8290e-03 1.0000e+00
1.0330e-01 4.3357e+01 1.0294e+00 1.0407e-01 8.6744e-03 1.0000e+00
1.0479e-01 3.8755e+01 7.8406e-01 1.0532e-01 6.9723e-03 1.0000e+00
1.0628e-01 3.1668e+01 6.9483e-01 1.0711e-01 6.8331e-03 1.0000e+00
1.0777e-01 2.8728e+01 1.0448e+00 1.0815e-01 1.0806e-02 1.0000e+00
1.0926e-01 2.5157e+01 7.9922e-01 1.0982e-01 8.8248e-03 1.0000e+00
1.1074e-01 2.1313e+01 8.2120e-01 1.1167e-01 9.8690e-03 1.0000e+00
1.1223e-01 2.1358e+01 1.0410e+00 1.1273e-01 1.2485e-02 1.0000e+00
