 Q, I, DelI, Q_mean, Q_Unc, Shadow
5.0000e-03 1.8170e+03 1.8569e+00 5.7634e-03 1.5351e-03 1.0000e+00
6.4894e-03 6.2422e+02 9.1397e-01 7.2656e-03 1.3680e-03 1.0000e+00
7.9787e-03 2.7714e+02 5.5864e-01 8.7518e-03 1.2941e-03 1.0000e+00
9.4681e-03 1.4833e+02 3.6897e-01 1.0216e-02 1.1982e-03 1.0000e+00
1.0957e-02 8.7851e+01 2.6219e-01 1.1712e-02 1.1155e-03 1.0000e+00
1.2447e-02 5.8438e+01 2.0304e-01 1.3208e-02 1.0696e-03 1.0000e+00
1.3936e-02 4.0259e+01 1.5838e-01 1.4696e-02 1.0122e-03 1.0000e+00
1.5426e-02 3.0166e+01 1.3167e-01 1.6188e-02 9.7158e-04 1.0000e+00
1.6915e-02 2.3844e+01 1.1359e-01 1.7679e-02 9.3229e-04 1.0000e+00
1.8404e-02 2.0220e+01 1.0039e-01 1.9167e-02 9.0028e-04 1.0000e+00
1.9894e-02 1.6585e+01 8.8584e-02 2.0647e-02 8.7140e-04 1.0000e+00
2.1383e-02 1.4069e+01 7.9744e-02 2.2130e-02 8.4124e-04 1.0000e+00
2.2872e-02 1.2556e+01 7.3208e-02 2.3621e-02 8.1404e-04 1.0000e+00
2.4362e-02 1.1815e+01 6.9163e-02 2.5110e-02 7.9389e-04 1.0000e+00
2.5851e-02 1.0836e+01 6.4352e-02 2.6600e-02 7.6859e-04 1.0000e+00
2.7340e-02 9.7918e+00 6.0376e-02 2.8089e-02 7.5439e-04 1.0000e+00
2.8830e-02 9.7434e+00 5.8093e-02 2.9579e-02 7.3111e-04 1.0000e+00
3.0319e-02 9.4849e+00 5.6970e-02 3.1075e-02 7.3907e-04 1.0000e+00
3.1809e-02 9.3759e+00 5.8138e-02 3.2544e-02 7.7062e-04 1.0000e+00
3.3298e-02 8.8531e+00 5.8608e-02 3.4020e-02 8.0450e-04 1.0000e+00
3.4787e-02 8.6981e+00 5.9916e-02 3.5518e-02 8.2958e-04 1.0000e+00
3.6277e-02 8.3964e+00 6.1551e-02 3.7013e-02 8.8563e-04 1.0000e+00
3.7766e-02 8.2414e+00 6.6760e-02 3.8474e-02 9.8745e-04 1.0000e+00
3.9255e-02 8.1777e+00 7.1210e-02 3.9971e-02 1.1390e-03 1.0000e+00
4.0745e-02 8.3631e+00 8.0277e-02 4.1465e-02 1.2743e-03 1.0000e+00
4.2234e-02 8.4227e+00 8.4365e-02 4.2962e-02 1.6494e-03 1.0000e+00
4.3723e-02 8.5977e+00 9.0145e-02 4.4422e-02 1.9598e-03 1.0000e+00
4.5213e-02 8.9383e+00 8.5198e-02 4.5920e-02 2.4863e-03 1.0000e+00
4.6702e-02 9.5198e+00 8.9162e-02 4.7478e-02 3.3570e-03 1.0000e+00
4.8191e-02 9.1594e+00 7.4595e-02 4.8808e-02 4.3465e-03 1.0000e+00
4.9681e-02 1.0042e+01 4.7994e-02 5.0422e-02 4.4496e-03 1.0000e+00
5.1170e-02 1.0453e+01 4.9477e-02 5.1946e-02 4.9291e-03 1.0000e+00
5.2660e-02 1.1185e+01 4.4343e-02 5.3322e-02 4.2974e-03 1.0000e+00
5.4149e-02 1.2066e+01 4.4984e-02 5.4962e-02 4.1511e-03 1.0000e+00
5.5638e-02 1.3312e+01 4.8774e-02 5.6423e-02 4.3687e-03 1.0000e+00
5.7128e-02 1.4367e+01 4.9093e-02 5.7842e-02 4.1991e-03 1.0000e+00
5.8617e-02 1.5706e+01 5.1123e-02 5.9360e-02 4.1523e-03 1.0000e+00
6.0106e-02 1.8426e+01 5.2199e-02 6.0835e-02 4.1069e-03 1.0000e+00
6.1596e-02 2.0785e+01 5.6303e-02 6.2339e-02 4.0778e-03 1.0000e+00
6.3085e-02 2.4602e+01 6.1197e-02 6.3836e-02 4.0492e-03 1.0000e+00
6.4574e-02 2.9834e+01 6.5488e-02 6.5319e-02 4.0785e-03 1.0000e+00
6.6064e-02 3.5343e+01 7.1936e-02 6.6747e-02 4.0217e-03 1.0000e+00
6.7553e-02 4.3142e+01 7.5218e-02 6.8303e-02 3.8633e-03 1.0000e+00
6.9043e-02 5.2345e+01 8.4993e-02 6.9787e-02 4.0654e-03 1.0000e+00
7.0532e-02 5.9823e+01 8.8212e-02 7.1203e-02 3.8518e-03 1.0000e+00
7.2021e-02 7.0853e+01 9.1809e-02 7.2823e-02 3.7686e-03 1.0000e+00
7.3511e-02 7.8379e+01 1.0488e-01 7.4221e-02 4.1111e-03 1.0000e+00
7.5000e-02 8.6625e+01 9.8653e-02 7.5695e-02 3.6484e-03 1.0000e+00
7.6489e-02 9.3352e+01 1.0728e-01 7.7298e-02 3.8293e-03 1.0000e+00
7.7979e-02 9.8106e+01 1.0836e-01 7.8650e-02 3.9044e-03 1.0000e+00
7.9468e-02 9.9038e+01 1.0238e-01 8.0196e-02 3.5885e-03 1.0000e+00
8.0957e-02 9.7885e+01 1.0454e-01 8.1771e-02 3.7040e-03 1.0000e+00
8.2447e-02 9.8718e+01 1.0471e-01 8.3184e-02 3.8311e-03 1.0000e+00
8.3936e-02 9.1151e+01 1.0097e-01 8.4657e-02 3.6515e-03 1.0000e+00
8.5426e-02 8.7398e+01 9.2648e-02 8.6174e-02 3.5904e-03 1.0000e+00
8.6915e-02 8.1315e+01 9.0588e-02 8.7667e-02 3.6523e-03 1.0000e+00
8.8404e-02 7.2382e+01 8.7448e-02 8.9140e-02 3.6017e-03 1.0000e+00
8.9894e-02 6.6593e+01 7.9391e-02 9.0668e-02 3.5624e-03 1.0000e+00
9.1383e-02 5.9013e+01 7.8807e-02 9.2075e-02 3.6968e-03 1.0000e+00
9.2872e-02 5.1877e+01 6.7796e-02 9.3587e-02 3.3919e-03 1.0000e+00
9.4362e-02 4.4781e+01 6.4307e-02 9.5163e-02 3.5447e-03 1.0000e+00
9.5851e-02 3.8913e+01 6.1332e-02 9.6543e-02 3.5647e-03 1.0000e+00
9.7340e-02 3.3475e+01 5.4226e-02 9.8094e-02 3.3935e-03 1.0000e+00
9.8830e-02 2.8661e+01 5.2030e-02 9.9553e-02 3.6054e-03 1.0000e+00
1.0032e-01 2.5177e+01 4.5791e-02 1.0097e-01 3.3614e-03 1.0000e+00
1.0181e-01 2.0575e+01 4.1882e-02 1.0259e-01 3.3300e-03 1.0000e+00
1.0330e-01 1.8090e+01 4.0313e-02 1.0403e-01 3.5291e-03 1.0000e+00
1.0479e-01 1.5504e+01 3.5527e-02 1.0548e-01 3.3230e-03 1.0000e+00
1.0628e-01 1.3261e+01 3.3553e-02 1.0703e-01 3.3397e-03 1.0000e+00
1.0777e-01 1.2116e+01 3.2238e-02 1.0844e-01 3.5307e-03 1.0000e+00
1.0926e-01 1.0476e+01 2.9913e-02 1.0996e-01 3.4761e-03 1.0000e+00
1.1074e-01 9.4950e+00 2.9239e-02 1.1147e-01 3.6201e-03 1.0000e+00
1.1223e-01 8.6162e+00 3.1386e-02 1.1291e-01 4.1574e-03 1.0000e+00
1.1372e-01 7.4780e+00 3.7613e-02 1.1442e-01 5.4701e-03 1.0000e+00
1.1521e-01 7.2874e+00 4.8137e-02 1.1591e-01 7.0480e-03 1.0000e+00
1.1670e-01 6.4396e+00 6.2583e-02 1.1737e-01 1.0803e-02 1.0000e+00
1.1819e-01 6.2561e+00 8.7174e-02 1.1868e-01 1.5280e-02 1.0000e+00
