 Q, I, DelI, Q_mean, Q_Unc, Shadow
5.0000e-03 1.6656e+03 4.7575e+00 5.8714e-03 5.4190e-03 1.0000e+00
6.4894e-03 6.5269e+02 2.4663e+00 7.2702e-03 4.4827e-03 1.0000e+00
7.9787e-03 3.0625e+02 1.6091e+00 8.7224e-03 4.2642e-03 1.0000e+00
9.4681e-03 1.6424e+02 1.0233e+00 1.0262e-02 3.6933e-03 1.0000e+00
1.0957e-02 9.4804e+01 7.9046e-01 1.1713e-02 3.7614e-03 1.0000e+00
1.2447e-02 6.6852e+01 5.7980e-01 1.3179e-02 3.2579e-03 1.0000e+00
1.3936e-02 4.2990e+01 4.5074e-01 1.4726e-02 3.1305e-03 1.0000e+00
1.5426e-02 3.2101e+01 3.8897e-01 1.6218e-02 3.0915e-03 1.0000e+00
1.6915e-02 2.7881e+01 3.4674e-01 1.7664e-02 2.9481e-03 1.0000e+00
1.8404e-02 2.2770e+01 2.9274e-01 1.9150e-02 2.7388e-03 1.0000e+00
1.9894e-02 1.8888e+01 2.6413e-01 2.0673e-02 2.6621e-03 1.0000e+00
2.1383e-02 1.5524e+01 2.4329e-01 2.2144e-02 2.6627e-03 1.0000e+00
2.2872e-02 1.4794e+01 2.2569e-01 2.3600e-02 2.5266e-03 1.0000e+00
2.4362e-02 1.2574e+01 1.9854e-01 2.5123e-02 2.3738e-03 1.0000e+00
2.5851e-02 1.2912e+01 2.0507e-01 2.6609e-02 2.4286e-03 1.0000e+00
2.7340e-02 1.1790e+01 1.8672e-01 2.8081e-02 2.2922e-03 1.0000e+00
2.8830e-02 1.1261e+01 1.7699e-01 2.9601e-02 2.2182e-03 1.0000e+00
3.0319e-02 1.1916e+01 1.8196e-01 3.1086e-02 2.2331e-03 1.0000e+00
3.1809e-02 1.1645e+01 2.4877e-01 3.2581e-02 3.0613e-03 1.0000e+00
3.3298e-02 1.2615e+01 3.7299e-01 3.3659e-02 4.4979e-03 1.0000e+00
3.6277e-02 9.0007e+00 1.6241e-01 3.7678e-02 2.4002e-02 1.0000e+00
3.7766e-02 1.0735e+01 2.4975e-01 3.8072e-02 3.3944e-02 1.0000e+00
3.9255e-02 9.8659e+00 1.0319e-01 4.0248e-02 1.4475e-02 1.0000e+00
4.2234e-02 1.0450e+01 1.0114e-01 4.2790e-02 1.3860e-02 1.0000e+00
4.3723e-02 1.0167e+01 1.5536e-01 4.5125e-02 2.1475e-02 1.0000e+00
4.5213e-02 1.0287e+01 1.2337e-01 4.5455e-02 1.6977e-02 1.0000e+00
4.6702e-02 1.1032e+01 9.9847e-02 4.7837e-02 1.3320e-02 1.0000e+00
4.9681e-02 1.2271e+01 9.8198e-02 5.0421e-02 1.2402e-02 1.0000e+00
5.1170e-02 1.2740e+01 3.8460e-01 5.2619e-02 4.8037e-02 1.0000e+00
5.2660e-02 1.3158e+01 1.0482e-01 5.2949e-02 1.2839e-02 1.0000e+00
5.4149e-02 1.4358e+01 1.1754e-01 5.5342e-02 1.3869e-02 1.0000e+00
5.5638e-02 1.4357e+01 2.0370e-01 5.5843e-02 2.4023e-02 1.0000e+00
5.7128e-02 1.6880e+01 1.0774e-01 5.8005e-02 1.1654e-02 1.0000e+00
6.0106e-02 2.0145e+01 1.1769e-01 6.0509e-02 1.1656e-02 1.0000e+00
6.1596e-02 2.4719e+01 1.6184e-01 6.2856e-02 1.4493e-02 1.0000e+00
6.3085e-02 2.7130e+01 1.9826e-01 6.3412e-02 1.6995e-02 1.0000e+00
6.4574e-02 3.4613e+01 1.5355e-01 6.5520e-02 1.1660e-02 1.0000e+00
6.6064e-02 3.9280e+01 4.7315e-01 6.6209e-02 3.3996e-02 1.0000e+00
6.7553e-02 4.9290e+01 1.7354e-01 6.8096e-02 1.1031e-02 1.0000e+00
6.9043e-02 6.5382e+01 2.8982e-01 7.0346e-02 1.6031e-02 1.0000e+00
7.0532e-02 6.8232e+01 2.6740e-01 7.0866e-02 1.4501e-02 1.0000e+00
7.2021e-02 8.3613e+01 2.3884e-01 7.3036e-02 1.1666e-02 1.0000e+00
7.3511e-02 8.8141e+01 5.0514e-01 7.3713e-02 2.4052e-02 1.0000e+00
7.5000e-02 1.0299e+02 2.3787e-01 7.5666e-02 1.0499e-02 1.0000e+00
7.6489e-02 1.1642e+02 3.8470e-01 7.7879e-02 1.6040e-02 1.0000e+00
7.7979e-02 1.1726e+02 3.1024e-01 7.8472e-02 1.2861e-02 1.0000e+00
7.9468e-02 1.1873e+02 2.8365e-01 8.0551e-02 1.1673e-02 1.0000e+00
8.0957e-02 1.1943e+02 4.7828e-01 8.1271e-02 1.9650e-02 1.0000e+00
8.2447e-02 1.1724e+02 2.5381e-01 8.3168e-02 1.0505e-02 1.0000e+00
8.3936e-02 1.1255e+02 4.0190e-01 8.4848e-02 1.7023e-02 1.0000e+00
8.5426e-02 1.0935e+02 2.5069e-01 8.5911e-02 1.0767e-02 1.0000e+00
8.6915e-02 9.7295e+01 2.5724e-01 8.8061e-02 1.1681e-02 1.0000e+00
8.8404e-02 9.2184e+01 3.6555e-01 8.8798e-02 1.7029e-02 1.0000e+00
8.9894e-02 8.1177e+01 2.1076e-01 9.0668e-02 1.0512e-02 1.0000e+00
9.1383e-02 7.2781e+01 3.2297e-01 9.1884e-02 1.7034e-02 1.0000e+00
9.2872e-02 6.4846e+01 1.7324e-01 9.3401e-02 9.6373e-03 1.0000e+00
9.4362e-02 5.3138e+01 1.9530e-01 9.5548e-02 1.2049e-02 1.0000e+00
9.5851e-02 5.0076e+01 2.2845e-01 9.6297e-02 1.4533e-02 1.0000e+00
9.7340e-02 4.0654e+01 1.4868e-01 9.8162e-02 1.0520e-02 1.0000e+00
9.8830e-02 3.8954e+01 2.5157e-01 9.9032e-02 1.8223e-02 1.0000e+00
1.0032e-01 3.0786e+01 1.1290e-01 1.0087e-01 9.1133e-03 1.0000e+00
1.0181e-01 2.5204e+01 1.4419e-01 1.0291e-01 1.2891e-02 1.0000e+00
1.0330e-01 2.3224e+01 1.2965e-01 1.0372e-01 1.2059e-02 1.0000e+00
1.0479e-01 1.8363e+01 1.0100e-01 1.0565e-01 1.0529e-02 1.0000e+00
1.0628e-01 1.6426e+01 1.3840e-01 1.0660e-01 1.5259e-02 1.0000e+00
1.0777e-01 1.4402e+01 7.6107e-02 1.0837e-01 8.9621e-03 1.0000e+00
1.0926e-01 1.1816e+01 9.6079e-02 1.1035e-01 1.2464e-02 1.0000e+00
1.1074e-01 1.0964e+01 9.2619e-02 1.1119e-01 1.2465e-02 1.0000e+00
1.1223e-01 1.0098e+01 1.0897e-01 1.1307e-01 1.5270e-02 1.0000e+00
