 Q, I, DelI, Q_mean, Q_Unc, Shadow
5.0000e-03 -1.0993e+01 4.9298e-01 5.8714e-03 5.4190e-03 1.0000e+00
6.4894e-03 -5.6848e+00 2.5945e-01 7.2702e-03 4.4827e-03 1.0000e+00
7.9787e-03 -1.5585e+00 1.8997e-01 8.7224e-03 4.2642e-03 1.0000e+00
9.4681e-03 -1.5517e-01 1.3685e-01 1.0262e-02 3.6933e-03 1.0000e+00
1.0957e-02 5.2278e-01 1.2208e-01 1.1713e-02 3.7614e-03 1.0000e+00
1.2447e-02 1.2501e+00 1.0336e-01 1.3179e-02 3.2579e-03 1.0000e+00
1.3936e-02 1.3850e+00 9.3827e-02 1.4726e-02 3.1305e-03 1.0000e+00
1.5426e-02 1.0155e+00 8.6109e-02 1.6218e-02 3.0915e-03 1.0000e+00
1.6915e-02 6.0195e-01 7.6889e-02 1.7664e-02 2.9481e-03 1.0000e+00
1.8404e-02 1.0726e+00 7.3163e-02 1.9150e-02 2.7388e-03 1.0000e+00
1.9894e-02 1.5291e+00 7.3844e-02 2.0673e-02 2.6621e-03 1.0000e+00
2.1383e-02 1.1635e+00 7.0783e-02 2.2144e-02 2.6627e-03 1.0000e+00
2.2872e-02 1.1274e+00 6.5990e-02 2.3600e-02 2.5266e-03 1.0000e+00
2.4362e-02 1.2248e+00 6.2636e-02 2.5123e-02 2.3738e-03 1.0000e+00
2.5851e-02 1.3882e+00 6.4922e-02 2.6609e-02 2.4286e-03 1.0000e+00
2.7340e-02 1.3668e+00 6.0936e-02 2.8081e-02 2.2922e-03 1.0000e+00
2.8830e-02 1.4342e+00 5.9075e-02 2.9601e-02 2.2182e-03 1.0000e+00
3.0319e-02 1.6737e+00 6.0982e-02 3.1086e-02 2.2331e-03 1.0000e+00
3.1809e-02 1.2617e+00 8.1213e-02 3.2581e-02 3.0613e-03 1.0000e+00
3.3298e-02 2.0418e+00 1.2678e-01 3.3659e-02 4.4979e-03 1.0000e+00
3.6277e-02 1.2186e+00 4.1659e-02 3.7678e-02 2.4002e-02 1.0000e+00
3.7766e-02 8.8585e-01 5.3949e-02 3.8072e-02 3.3944e-02 1.0000e+00
3.9255e-02 1.1025e+00 2.4627e-02 4.0248e-02 1.4475e-02 1.0000e+00
4.2234e-02 1.1061e+00 2.3637e-02 4.2790e-02 1.3860e-02 1.0000e+00
4.3723e-02 1.2381e+00 3.8126e-02 4.5125e-02 2.1475e-02 1.0000e+00
4.5213e-02 1.0718e+00 2.8837e-02 4.5455e-02 1.6977e-02 1.0000e+00
4.6702e-02 1.0454e+00 2.2536e-02 4.7837e-02 1.3320e-02 1.0000e+00
4.9681e-02 9.3621e-01 2.0654e-02 5.0421e-02 1.2402e-02 1.0000e+00
5.1170e-02 1.2780e+00 8.8528e-02 5.2619e-02 4.8037e-02 1.0000e+00
5.2660e-02 8.8911e-01 2.1237e-02 5.2949e-02 1.2839e-02 1.0000e+00
5.4149e-02 1.0206e+00 2.4016e-02 5.5342e-02 1.3869e-02 1.0000e+00
5.5638e-02 7.9076e-01 3.8864e-02 5.5843e-02 2.4023e-02 1.0000e+00
5.7128e-02 8.5629e-01 1.9982e-02 5.8005e-02 1.1654e-02 1.0000e+00
6.0106e-02 8.2815e-01 2.0582e-02 6.0509e-02 1.1656e-02 1.0000e+00
6.1596e-02 8.8237e-01 2.7291e-02 6.2856e-02 1.4493e-02 1.0000e+00
6.3085e-02 5.5893e-01 2.9655e-02 6.3412e-02 1.6995e-02 1.0000e+00
6.4574e-02 7.4828e-01 2.2901e-02 6.5520e-02 1.1660e-02 1.0000e+00
6.6064e-02 4.7889e-01 6.4612e-02 6.6209e-02 3.3996e-02 1.0000e+00
6.7553e-02 4.9561e-01 2.3006e-02 6.8096e-02 1.1031e-02 1.0000e+00
6.9043e-02 4.8849e-01 3.6973e-02 7.0346e-02 1.6031e-02 1.0000e+00
7.0532e-02 6.1604e-01 3.4773e-02 7.0866e-02 1.4501e-02 1.0000e+00
7.2021e-02 3.7904e-01 2.9624e-02 7.3036e-02 1.1666e-02 1.0000e+00
7.3511e-02 4.2970e-01 6.2162e-02 7.3713e-02 2.4052e-02 1.0000e+00
7.5000e-02 2.3534e-01 2.8246e-02 7.5666e-02 1.0499e-02 1.0000e+00
7.6489e-02 1.1826e-02 4.4410e-02 7.7879e-02 1.6040e-02 1.0000e+00
7.7979e-02 2.1189e-01 3.6467e-02 7.8472e-02 1.2861e-02 1.0000e+00
7.9468e-02 1.7732e-01 3.3465e-02 8.0551e-02 1.1673e-02 1.0000e+00
8.0957e-02 3.9096e-01 5.7378e-02 8.1271e-02 1.9650e-02 1.0000e+00
8.2447e-02 -1.2052e-03 2.9393e-02 8.3168e-02 1.0505e-02 1.0000e+00
8.3936e-02 1.5934e-01 4.6951e-02 8.4848e-02 1.7023e-02 1.0000e+00
8.5426e-02 2.4229e-01 2.9649e-02 8.5911e-02 1.0767e-02 1.0000e+00
8.6915e-02 2.0650e-01 3.0578e-02 8.8061e-02 1.1681e-02 1.0000e+00
8.8404e-02 2.9396e-01 4.4233e-02 8.8798e-02 1.7029e-02 1.0000e+00
8.9894e-02 1.1444e-01 2.5049e-02 9.0668e-02 1.0512e-02 1.0000e+00
9.1383e-02 2.2988e-01 3.9619e-02 9.1884e-02 1.7034e-02 1.0000e+00
9.2872e-02 2.3794e-01 2.1414e-02 9.3401e-02 9.6373e-03 1.0000e+00
9.4362e-02 2.9954e-01 2.4752e-02 9.5548e-02 1.2049e-02 1.0000e+00
9.5851e-02 3.1358e-01 2.9159e-02 9.6297e-02 1.4533e-02 1.0000e+00
9.7340e-02 4.1532e-01 2.0110e-02 9.8162e-02 1.0520e-02 1.0000e+00
9.8830e-02 4.1886e-01 3.3757e-02 9.9032e-02 1.8223e-02 1.0000e+00
1.0032e-01 4.7824e-01 1.6212e-02 1.0087e-01 9.1133e-03 1.0000e+00
1.0181e-01 5.2610e-01 2.1835e-02 1.0291e-01 1.2891e-02 1.0000e+00
1.0330e-01 6.1725e-01 2.0484e-02 1.0372e-01 1.2059e-02 1.0000e+00
1.0479e-01 5.2953e-01 1.6584e-02 1.0565e-01 1.0529e-02 1.0000e+00
1.0628e-01 5.4138e-01 2.3640e-02 1.0660e-01 1.5259e-02 1.0000e+00
1.0777e-01 5.5462e-01 1.3430e-02 1.0837e-01 8.9621e-03 1.0000e+00
1.0926e-01 4.4847e-01 1.7261e-02 1.1035e-01 1.2464e-02 1.0000e+00
1.1074e-01 5.5474e-01 1.7850e-02 1.1119e-01 1.2465e-02 1.0000e+00
1.1223e-01 5.1111e-01 2.1198e-02 1.1307e-01 1.5270e-02 1.0000e+00
