Q 0.06V_300.0K Unc 0.187V_300.0K Unc 7.4V_300.0K Unc CoFe2O4NPs3V_0.071V_300.0K Unc 0.0V_300.0K Unc 
3.5000e-03 9.2568e+01 1.4340e-01 9.4331e+01 1.4386e-01 9.4606e+01 1.2457e-01 9.4381e+01 1.3945e-01 1.3287e+02 1.5135e-01
4.7527e-03 2.2188e+01 6.6680e-02 2.2676e+01 6.6706e-02 2.3547e+01 5.8913e-02 2.3196e+01 6.5501e-02 2.4352e+01 6.0287e-02
6.0054e-03 8.7576e+00 3.7145e-02 9.2201e+00 3.6433e-02 9.3067e+00 3.2710e-02 8.9898e+00 3.6297e-02 9.1270e+00 3.5012e-02
7.2581e-03 4.1622e+00 2.5672e-02 3.9870e+00 2.4528e-02 4.3055e+00 2.2613e-02 4.2608e+00 2.4861e-02 4.2816e+00 2.3391e-02
8.5108e-03 2.4027e+00 1.7472e-02 2.5034e+00 1.7306e-02 2.5435e+00 1.5501e-02 2.3617e+00 1.6759e-02 2.4746e+00 1.5943e-02
9.7634e-03 1.4361e+00 1.3756e-02 1.3907e+00 1.3466e-02 1.4498e+00 1.2242e-02 1.4029e+00 1.3475e-02 1.4634e+00 1.2749e-02
1.1016e-02 9.8582e-01 1.0670e-02 9.9817e-01 1.0564e-02 9.8998e-01 9.5209e-03 9.7124e-01 1.0435e-02 9.4386e-01 9.8971e-03
1.2269e-02 6.9018e-01 9.1198e-03 6.1086e-01 8.6208e-03 6.7303e-01 8.1251e-03 6.7186e-01 8.8900e-03 6.6315e-01 8.4310e-03
1.3522e-02 5.2528e-01 7.8297e-03 5.3579e-01 7.7316e-03 4.9884e-01 6.9959e-03 5.0705e-01 7.6927e-03 4.8993e-01 7.2075e-03
1.4774e-02 4.3982e-01 7.0032e-03 3.8979e-01 6.7572e-03 3.9013e-01 6.2332e-03 4.6814e-01 7.0124e-03 3.8838e-01 6.4154e-03
1.6027e-02 3.3624e-01 6.1603e-03 3.3380e-01 6.0376e-03 3.1608e-01 5.5332e-03 3.2355e-01 6.1296e-03 3.6717e-01 5.8782e-03
1.7280e-02 2.7106e-01 5.5929e-03 2.5875e-01 5.5143e-03 2.5553e-01 5.1167e-03 2.6960e-01 5.5925e-03 2.4583e-01 5.3354e-03
1.8532e-02 2.1832e-01 5.4576e-03 1.9331e-01 5.2734e-03 1.7327e-01 4.8896e-03 1.9152e-01 5.3678e-03 1.9227e-01 5.0980e-03
1.9785e-02 1.7988e-01 4.9805e-03 1.8673e-01 4.9783e-03 1.7543e-01 4.6523e-03 1.8607e-01 5.0328e-03 1.7321e-01 4.7640e-03
2.1038e-02 1.7901e-01 4.6739e-03 1.6508e-01 4.5411e-03 1.6471e-01 4.2904e-03 1.5208e-01 4.6222e-03 1.5671e-01 4.4154e-03
2.2290e-02 9.6371e-02 4.5535e-03 8.6981e-02 4.4843e-03 1.0965e-01 4.3227e-03 9.9708e-02 4.6123e-03 1.0221e-01 4.4231e-03
2.3543e-02 1.1389e-01 4.2540e-03 1.1080e-01 4.2078e-03 1.1178e-01 3.9701e-03 1.0348e-01 4.2470e-03 1.1953e-01 4.1227e-03
2.4796e-02 9.9045e-02 4.3103e-03 7.8029e-02 4.2384e-03 1.1811e-01 4.1809e-03 1.0488e-01 4.4071e-03 1.2625e-01 4.3191e-03
2.6048e-02 8.4013e-02 4.9705e-03 5.7249e-02 4.8008e-03 1.0553e-01 4.7394e-03 7.7178e-02 5.0089e-03 8.8297e-02 4.8571e-03
2.7301e-02 8.7219e-02 8.6000e-03 5.0255e-02 7.9186e-03 9.8978e-02 8.0548e-03 1.1716e-01 8.9804e-03 1.1423e-01 8.2951e-03
2.8554e-02 6.3450e-02 7.6067e-03 5.8956e-02 7.5883e-03 6.9684e-02 7.5426e-03 6.3411e-02 7.6144e-03 6.9287e-02 7.5688e-03
2.9806e-02 6.0416e-02 2.5573e-03 7.5113e-02 2.5812e-03 6.2488e-02 2.3682e-03 6.2138e-02 2.5429e-03 6.7071e-02 2.4623e-03
3.1059e-02 4.8022e-02 2.6266e-03 7.1694e-02 2.7105e-03 6.1740e-02 2.4619e-03 5.9339e-02 2.6611e-03 7.1523e-02 2.5884e-03
3.2312e-02 8.7610e-02 2.2823e-03 8.4680e-02 2.2374e-03 8.2772e-02 2.0729e-03 7.5387e-02 2.2541e-03 7.9596e-02 2.1336e-03
3.3565e-02 5.3027e-02 2.4698e-03 4.8254e-02 2.4102e-03 5.7365e-02 2.2651e-03 4.6804e-02 2.4867e-03 6.9914e-02 2.4112e-03
3.4817e-02 6.3682e-02 2.2472e-03 6.0289e-02 2.2028e-03 7.0559e-02 2.0874e-03 6.4787e-02 2.1965e-03 6.3101e-02 2.1335e-03
3.6070e-02 6.6163e-02 2.1115e-03 6.6774e-02 2.0869e-03 6.3871e-02 1.9178e-03 6.5229e-02 2.0930e-03 6.0619e-02 1.9660e-03
3.7323e-02 6.6145e-02 2.2888e-03 5.0552e-02 2.1721e-03 5.8246e-02 2.0782e-03 7.1910e-02 2.2940e-03 6.1017e-02 2.1840e-03
3.8575e-02 6.7962e-02 2.0565e-03 5.8933e-02 2.0013e-03 6.1053e-02 1.8947e-03 5.4329e-02 1.9755e-03 6.9836e-02 1.9712e-03
3.9828e-02 6.7803e-02 2.2169e-03 7.8011e-02 2.2361e-03 6.0291e-02 1.9542e-03 6.7390e-02 2.1930e-03 7.1260e-02 2.0877e-03
4.1081e-02 5.4508e-02 2.0104e-03 5.2809e-02 1.9806e-03 5.4557e-02 1.8703e-03 5.9410e-02 2.0151e-03 5.4399e-02 1.9204e-03
4.2333e-02 5.1854e-02 2.0999e-03 5.1425e-02 2.0722e-03 6.0515e-02 1.9534e-03 4.5681e-02 2.0623e-03 5.0053e-02 1.9686e-03
4.3586e-02 7.6291e-02 1.9828e-03 7.3222e-02 1.9387e-03 8.1809e-02 1.8531e-03 6.8635e-02 1.9324e-03 7.0873e-02 1.8805e-03
4.4839e-02 6.4741e-02 1.8318e-03 6.5511e-02 1.8132e-03 6.4272e-02 1.7088e-03 6.7694e-02 1.8302e-03 5.8922e-02 1.7345e-03
4.6091e-02 5.2009e-02 2.0747e-03 5.9388e-02 2.0814e-03 6.2063e-02 1.8929e-03 6.3026e-02 2.1166e-03 4.7646e-02 1.9221e-03
4.7344e-02 6.3192e-02 1.7814e-03 5.8174e-02 1.7468e-03 6.5843e-02 1.6700e-03 5.9263e-02 1.7593e-03 6.8468e-02 1.7203e-03
4.8597e-02 6.5690e-02 1.9245e-03 7.2480e-02 1.9254e-03 7.1790e-02 1.7643e-03 6.3159e-02 1.8963e-03 7.1696e-02 1.8340e-03
4.9849e-02 6.4455e-02 1.8298e-03 6.8700e-02 1.8214e-03 6.4283e-02 1.6921e-03 6.6875e-02 1.8467e-03 6.2510e-02 1.7370e-03
5.1102e-02 7.0498e-02 1.7932e-03 6.7819e-02 1.7592e-03 6.9414e-02 1.6153e-03 6.8588e-02 1.7306e-03 7.5173e-02 1.6752e-03
5.2355e-02 8.3176e-02 1.8685e-03 8.6535e-02 1.8509e-03 7.7680e-02 1.7106e-03 8.8788e-02 1.9655e-03 8.5328e-02 1.8319e-03
5.3608e-02 7.2713e-02 1.8155e-03 7.5876e-02 1.8034e-03 6.6244e-02 1.6787e-03 6.9473e-02 1.7928e-03 7.0496e-02 1.7298e-03
5.4860e-02 8.8890e-02 1.8587e-03 8.6251e-02 1.8151e-03 8.4498e-02 1.6552e-03 9.0453e-02 1.8104e-03 8.3409e-02 1.7143e-03
5.6113e-02 8.6347e-02 1.7688e-03 8.4204e-02 1.7390e-03 8.5616e-02 1.6294e-03 8.9616e-02 1.7783e-03 8.6322e-02 1.6778e-03
5.7366e-02 1.1091e-01 1.8285e-03 1.0823e-01 1.7881e-03 1.1935e-01 1.6719e-03 1.1916e-01 1.8065e-03 1.1045e-01 1.7079e-03
5.8618e-02 1.2705e-01 1.8640e-03 1.2465e-01 1.8213e-03 1.2027e-01 1.6499e-03 1.2323e-01 1.8228e-03 1.1513e-01 1.6952e-03
5.9871e-02 1.6620e-01 1.7234e-03 1.5700e-01 1.6656e-03 1.6586e-01 1.5431e-03 1.6346e-01 1.6869e-03 1.6551e-01 1.5971e-03
6.1124e-02 1.5065e-01 2.2632e-03 1.7026e-01 2.2913e-03 1.6959e-01 2.0435e-03 1.6056e-01 2.2045e-03 1.4666e-01 2.0658e-03
6.2376e-02 2.0618e-01 1.8789e-03 2.1253e-01 1.8590e-03 2.2067e-01 1.6934e-03 2.1554e-01 1.8885e-03 2.0816e-01 1.7441e-03
6.3629e-02 2.2518e-01 2.0992e-03 2.3222e-01 2.0746e-03 2.2984e-01 1.8566e-03 2.2918e-01 2.0643e-03 2.2154e-01 1.9167e-03
6.4882e-02 2.2814e-01 2.1223e-03 2.3892e-01 2.1069e-03 2.5739e-01 1.9382e-03 2.5614e-01 2.1458e-03 2.4032e-01 1.9823e-03
6.6134e-02 2.7003e-01 2.0965e-03 2.6601e-01 2.0464e-03 2.9267e-01 1.8991e-03 2.8617e-01 2.0617e-03 2.5873e-01 1.9124e-03
6.7387e-02 2.9298e-01 2.3581e-03 2.9546e-01 2.3092e-03 3.0920e-01 2.0822e-03 3.0339e-01 2.3740e-03 2.8986e-01 2.1282e-03
6.8640e-02 2.8344e-01 1.9401e-03 2.9422e-01 1.9223e-03 3.1519e-01 1.7529e-03 3.1459e-01 1.9824e-03 2.9841e-01 1.8081e-03
6.9892e-02 2.7674e-01 2.2837e-03 2.7169e-01 2.2187e-03 2.8738e-01 2.0147e-03 2.6573e-01 2.1618e-03 2.6896e-01 2.0624e-03
7.1145e-02 2.4364e-01 2.0502e-03 2.5024e-01 2.0252e-03 2.8059e-01 1.8857e-03 2.7568e-01 2.1257e-03 2.5097e-01 1.9093e-03
7.2398e-02 2.4064e-01 1.9852e-03 2.3630e-01 1.9344e-03 2.6011e-01 1.7884e-03 2.5449e-01 1.9275e-03 2.4528e-01 1.8353e-03
7.3651e-02 2.1968e-01 2.0542e-03 2.2088e-01 2.0125e-03 2.2955e-01 1.7886e-03 2.2640e-01 2.0607e-03 2.1903e-01 1.8459e-03
7.4903e-02 1.8321e-01 1.6809e-03 2.0130e-01 1.6903e-03 2.0304e-01 1.5566e-03 1.9814e-01 1.6688e-03 1.8641e-01 1.5832e-03
7.6156e-02 1.7655e-01 1.9082e-03 1.7515e-01 1.8649e-03 1.6918e-01 1.6632e-03 1.6909e-01 1.8491e-03 1.6306e-01 1.7197e-03
7.7409e-02 1.4221e-01 1.6190e-03 1.4009e-01 1.5859e-03 1.4632e-01 1.4681e-03 1.4624e-01 1.6044e-03 1.4106e-01 1.5094e-03
7.8661e-02 1.1850e-01 1.5481e-03 1.1532e-01 1.5145e-03 1.1907e-01 1.4026e-03 1.1538e-01 1.5195e-03 1.2023e-01 1.4536e-03
7.9914e-02 8.6007e-02 1.6298e-03 8.7373e-02 1.6073e-03 8.9478e-02 1.4622e-03 8.5348e-02 1.6077e-03 8.9456e-02 1.5179e-03
8.1167e-02 6.7317e-02 1.4417e-03 7.4217e-02 1.4412e-03 7.7832e-02 1.3657e-03 8.6255e-02 1.4868e-03 7.0622e-02 1.3879e-03
8.2419e-02 8.3239e-02 1.4877e-03 7.4681e-02 1.4311e-03 7.2524e-02 1.3056e-03 7.9132e-02 1.4229e-03 7.4540e-02 1.3626e-03
8.3672e-02 5.7691e-02 1.3383e-03 5.2895e-02 1.3096e-03 5.6403e-02 1.2414e-03 6.3276e-02 1.3535e-03 5.3517e-02 1.2677e-03
8.4925e-02 5.6176e-02 1.2725e-03 5.2777e-02 1.2447e-03 5.3364e-02 1.1653e-03 5.5493e-02 1.2752e-03 5.5505e-02 1.2054e-03
8.6177e-02 4.1110e-02 1.2320e-03 4.3023e-02 1.2234e-03 4.8703e-02 1.1651e-03 4.9147e-02 1.2663e-03 4.1586e-02 1.1750e-03
8.7430e-02 4.3026e-02 1.1535e-03 4.0914e-02 1.1350e-03 4.7601e-02 1.0817e-03 4.9032e-02 1.1619e-03 3.9388e-02 1.0855e-03
8.8683e-02 3.0663e-02 1.2215e-03 3.2255e-02 1.2122e-03 3.5874e-02 1.1506e-03 3.2141e-02 1.1904e-03 3.4126e-02 1.1849e-03
8.9935e-02 3.0607e-02 1.1826e-03 2.3664e-02 1.1524e-03 2.2076e-02 1.0981e-03 2.9925e-02 1.1918e-03 2.1047e-02 1.1220e-03
9.1188e-02 1.7480e-02 1.2199e-03 1.2169e-02 1.1911e-03 1.0205e-02 1.1271e-03 1.1862e-02 1.2183e-03 1.2110e-02 1.1597e-03
9.2441e-02 1.4248e-02 1.1822e-03 1.7272e-02 1.1812e-03 2.2399e-02 1.1376e-03 1.8970e-02 1.2000e-03 1.5435e-02 1.1428e-03
9.3694e-02 2.3000e-02 1.1510e-03 2.0365e-02 1.1329e-03 2.1453e-02 1.0778e-03 2.5272e-02 1.1357e-03 2.1809e-02 1.1027e-03
9.4946e-02 4.4728e-03 1.1653e-03 6.0531e-03 1.1595e-03 6.6018e-03 1.1073e-03 1.1523e-02 1.2115e-03 7.9589e-03 1.1396e-03
9.6199e-02 1.5704e-02 1.1164e-03 1.6538e-02 1.1095e-03 1.9445e-02 1.0684e-03 1.9961e-02 1.1341e-03 1.6989e-02 1.0846e-03
9.7452e-02 2.3101e-02 1.1350e-03 2.1227e-02 1.1162e-03 2.2412e-02 1.0589e-03 2.7523e-02 1.1360e-03 2.1324e-02 1.0832e-03
9.8704e-02 1.7664e-02 1.1302e-03 1.7841e-02 1.1208e-03 1.4427e-02 1.0592e-03 1.7516e-02 1.1423e-03 1.4356e-02 1.0802e-03
9.9957e-02 1.6979e-02 1.1048e-03 1.3672e-02 1.0854e-03 1.1568e-02 1.0303e-03 1.8818e-02 1.1059e-03 1.6649e-02 1.0710e-03
1.0121e-01 1.4013e-02 1.1618e-03 1.0867e-02 1.1369e-03 1.8311e-02 1.0907e-03 1.5239e-02 1.1495e-03 1.4704e-02 1.1136e-03
1.0246e-01 2.1585e-02 1.0933e-03 2.0558e-02 1.0856e-03 1.8696e-02 1.0308e-03 2.8238e-02 1.1205e-03 2.2351e-02 1.0593e-03
1.0372e-01 2.5735e-02 1.1130e-03 2.7274e-02 1.0982e-03 2.7196e-02 1.0397e-03 3.4092e-02 1.1419e-03 2.6018e-02 1.0667e-03
1.0497e-01 2.4470e-02 1.1127e-03 2.2690e-02 1.0976e-03 2.2457e-02 1.0445e-03 3.0540e-02 1.1398e-03 1.9523e-02 1.0616e-03
1.0622e-01 2.6922e-02 1.0458e-03 2.7285e-02 1.0366e-03 3.1949e-02 9.8653e-04 3.0753e-02 1.0580e-03 3.1214e-02 1.0111e-03
1.0747e-01 2.3539e-02 1.1157e-03 2.3282e-02 1.1020e-03 2.1718e-02 1.0333e-03 2.4044e-02 1.1018e-03 2.4301e-02 1.0749e-03
1.0873e-01 2.9903e-02 1.0420e-03 2.9497e-02 1.0314e-03 3.2044e-02 9.9048e-04 3.6628e-02 1.0634e-03 2.9614e-02 1.0039e-03
1.0998e-01 2.4613e-02 1.1165e-03 2.2486e-02 1.0968e-03 2.6888e-02 1.0436e-03 2.9239e-02 1.1165e-03 2.5574e-02 1.0706e-03
1.1123e-01 2.8177e-02 1.0800e-03 2.6725e-02 1.0654e-03 2.4953e-02 1.0026e-03 3.0529e-02 1.0903e-03 2.8237e-02 1.0388e-03
1.1248e-01 3.1011e-02 1.0644e-03 3.1201e-02 1.0532e-03 3.5821e-02 1.0049e-03 2.9760e-02 1.0603e-03 3.1475e-02 1.0201e-03
1.1374e-01 2.4208e-02 1.0886e-03 2.3612e-02 1.0748e-03 2.7893e-02 1.0248e-03 2.6969e-02 1.0837e-03 2.2478e-02 1.0379e-03
1.1499e-01 2.7701e-02 1.0356e-03 2.3760e-02 1.0165e-03 3.2858e-02 9.8667e-04 3.1585e-02 1.0485e-03 2.6055e-02 9.9535e-04
1.1624e-01 2.7574e-02 1.0943e-03 2.1786e-02 1.0635e-03 3.3009e-02 1.0282e-03 2.7381e-02 1.0995e-03 2.3414e-02 1.0339e-03
1.1749e-01 2.1883e-02 1.0524e-03 2.2237e-02 1.0436e-03 2.5729e-02 9.9693e-04 2.4289e-02 1.0631e-03 2.5605e-02 1.0237e-03
1.1875e-01 2.5031e-02 1.0105e-03 2.4705e-02 9.9973e-04 2.4523e-02 9.5105e-04 2.7677e-02 1.0176e-03 2.9096e-02 9.8157e-04
1.2000e-01 3.0300e-02 1.0040e-03 3.4473e-02 1.0058e-03 2.8489e-02 9.2526e-04 2.8220e-02 9.8598e-04 4.0463e-02 9.8680e-04
