Q, M_Parl_NSF, DelM_Parl_NSF, Q_Unc, Q_mean, Shadow
3.5000e-03 4.9122e-02 3.3246e-03 2.6120e-03 4.1872e-03 1.0000e+00
4.7527e-03 1.2045e-02 1.3346e-03 2.2781e-03 5.4548e-03 1.0000e+00
6.0054e-03 7.1985e-03 8.6160e-04 1.9906e-03 6.6953e-03 1.0000e+00
7.2581e-03 1.5604e-03 3.7031e-04 1.8735e-03 7.9338e-03 1.0000e+00
8.5108e-03 4.6275e-04 1.8551e-04 1.7241e-03 9.1537e-03 1.0000e+00
9.7634e-03 1.6057e-03 3.3164e-04 1.6112e-03 1.0394e-02 1.0000e+00
1.1016e-02 1.0348e-03 2.5163e-04 1.4994e-03 1.1659e-02 1.0000e+00
1.2269e-02 1.0986e-03 2.5885e-04 1.4475e-03 1.2920e-02 1.0000e+00
1.3522e-02 1.5163e-03 3.0289e-04 1.3719e-03 1.4171e-02 1.0000e+00
1.4774e-02 5.9752e-04 1.7827e-04 1.3416e-03 1.5410e-02 1.0000e+00
1.6027e-02 1.3923e-03 2.9252e-04 1.2585e-03 1.6655e-02 1.0000e+00
1.7280e-02 1.9097e-04 1.0370e-04 1.2300e-03 1.7911e-02 1.0000e+00
1.8532e-02 8.9951e-05 7.2117e-05 1.1805e-03 1.9162e-02 1.0000e+00
1.9785e-02 1.8510e-03 3.3890e-04 1.1445e-03 2.0421e-02 1.0000e+00
2.1038e-02 3.8894e-04 1.4684e-04 1.1117e-03 2.1677e-02 1.0000e+00
2.2290e-02 5.5939e-04 2.2814e-04 1.0833e-03 2.2932e-02 1.0000e+00
2.3543e-02 1.0947e-05 2.6486e-05 1.0522e-03 2.4185e-02 1.0000e+00
2.4796e-02 6.4080e-06 2.1667e-05 1.0223e-03 2.5446e-02 1.0000e+00
2.6048e-02 3.1714e-04 1.5641e-04 1.0754e-03 2.6675e-02 1.0000e+00
2.7301e-02 2.9113e-06 1.4569e-05 1.2314e-03 2.7918e-02 1.0000e+00
2.8554e-02 9.9135e-05 9.3153e-05 1.3333e-03 2.9147e-02 1.0000e+00
2.9806e-02 3.3981e-03 5.3769e-04 1.4694e-03 3.0438e-02 1.0000e+00
3.1059e-02 8.3362e-04 2.8890e-04 1.4614e-03 3.1680e-02 1.0000e+00
3.2312e-02 1.1156e-04 7.6657e-05 1.5279e-03 3.2935e-02 1.0000e+00
3.3565e-02 1.0229e-04 8.9199e-05 1.5410e-03 3.4186e-02 1.0000e+00
3.4817e-02 5.1759e-04 1.8120e-04 1.5755e-03 3.5423e-02 1.0000e+00
3.6070e-02 2.3933e-04 1.3245e-04 1.5904e-03 3.6683e-02 1.0000e+00
3.7323e-02 1.5248e-03 4.5786e-04 1.9506e-03 3.7900e-02 1.0000e+00
3.8575e-02 1.0350e-03 7.2525e-04 2.2738e-03 3.9186e-02 1.0000e+00
3.9828e-02 1.5297e-05 1.9724e-05 2.6458e-03 4.0408e-02 1.0000e+00
4.1081e-02 3.1571e-06 8.9755e-06 3.1056e-03 4.1723e-02 1.0000e+00
4.2333e-02 5.0536e-05 4.7726e-05 3.6859e-03 4.2967e-02 1.0000e+00
4.3586e-02 1.0187e-04 4.3817e-05 4.2071e-03 4.4124e-02 1.0000e+00
4.4839e-02 3.5455e-06 8.7642e-06 4.6567e-03 4.5528e-02 1.0000e+00
4.6091e-02 2.9780e-04 1.0681e-04 5.3431e-03 4.6669e-02 1.0000e+00
4.7344e-02 1.5836e-05 1.7863e-05 4.4852e-03 4.7932e-02 1.0000e+00
4.8597e-02 5.2024e-06 1.0369e-05 4.6754e-03 4.9324e-02 1.0000e+00
4.9849e-02 5.8068e-04 1.2771e-04 4.8271e-03 5.0477e-02 1.0000e+00
5.1102e-02 4.2330e-04 8.0516e-05 4.6196e-03 5.1779e-02 1.0000e+00
5.2355e-02 9.0759e-05 3.8015e-05 4.7966e-03 5.2970e-02 1.0000e+00
5.3608e-02 2.0794e-04 6.3585e-05 4.4619e-03 5.4180e-02 1.0000e+00
5.4860e-02 2.1609e-04 5.2494e-05 4.5663e-03 5.5504e-02 1.0000e+00
5.6113e-02 1.6903e-04 5.5117e-05 4.5399e-03 5.6719e-02 1.0000e+00
5.7366e-02 2.6470e-04 5.2234e-05 4.3663e-03 5.7993e-02 1.0000e+00
5.8618e-02 2.5545e-05 1.5704e-05 4.4390e-03 5.9273e-02 1.0000e+00
5.9871e-02 1.2734e-06 3.5484e-06 4.4393e-03 6.0516e-02 1.0000e+00
6.1124e-02 6.0256e-05 2.3365e-05 4.4400e-03 6.1705e-02 1.0000e+00
6.2376e-02 9.6232e-06 8.2219e-06 4.2337e-03 6.2973e-02 1.0000e+00
6.3629e-02 1.0447e-03 1.0088e-04 4.3686e-03 6.4235e-02 1.0000e+00
6.4882e-02 3.3294e-05 1.6327e-05 4.1517e-03 6.5470e-02 1.0000e+00
6.6134e-02 2.6630e-05 1.3917e-05 4.1522e-03 6.6830e-02 1.0000e+00
6.7387e-02 1.8420e-04 3.9691e-05 4.4424e-03 6.7985e-02 1.0000e+00
6.8640e-02 1.4603e-04 2.9536e-05 3.8968e-03 6.9279e-02 1.0000e+00
6.9892e-02 1.1154e-04 2.9027e-05 4.4685e-03 7.0573e-02 1.0000e+00
7.1145e-02 1.3011e-06 3.3108e-06 4.0197e-03 7.1683e-02 1.0000e+00
7.2398e-02 5.3547e-05 1.8098e-05 3.9493e-03 7.3068e-02 1.0000e+00
7.3651e-02 4.6725e-05 2.2110e-05 4.3964e-03 7.4230e-02 1.0000e+00
7.4903e-02 4.5316e-04 5.6372e-05 3.7575e-03 7.5479e-02 1.0000e+00
7.6156e-02 3.0856e-06 4.5451e-06 4.0405e-03 7.6844e-02 1.0000e+00
7.7409e-02 5.3899e-06 7.7961e-06 4.0975e-03 7.7992e-02 1.0000e+00
7.8661e-02 1.6720e-05 1.1771e-05 3.8681e-03 7.9258e-02 1.0000e+00
7.9914e-02 2.6168e-05 1.6195e-05 3.8686e-03 8.0551e-02 1.0000e+00
8.1167e-02 2.2152e-07 1.9231e-06 3.9355e-03 8.1799e-02 1.0000e+00
8.2419e-02 8.8734e-06 8.5855e-06 3.9195e-03 8.3035e-02 1.0000e+00
8.3672e-02 8.8567e-05 3.2403e-05 3.7028e-03 8.4315e-02 1.0000e+00
8.4925e-02 1.0102e-05 1.2233e-05 3.9721e-03 8.5565e-02 1.0000e+00
8.6177e-02 3.2497e-05 1.9865e-05 3.8080e-03 8.6746e-02 1.0000e+00
8.7430e-02 2.3171e-04 5.5209e-05 3.6487e-03 8.8082e-02 1.0000e+00
8.8683e-02 1.2943e-05 1.6249e-05 3.8725e-03 8.9291e-02 1.0000e+00
8.9935e-02 1.4154e-06 4.6643e-06 3.6636e-03 9.0556e-02 1.0000e+00
9.1188e-02 2.2464e-05 2.6659e-05 3.7204e-03 9.1853e-02 1.0000e+00
9.2441e-02 2.9907e-04 1.0905e-04 3.8110e-03 9.2990e-02 1.0000e+00
9.3694e-02 8.5928e-05 3.9361e-05 3.5855e-03 9.4305e-02 1.0000e+00
9.4946e-02 9.1018e-05 1.0678e-04 3.8275e-03 9.5489e-02 1.0000e+00
9.6199e-02 2.1913e-05 2.5427e-05 3.4186e-03 9.6761e-02 1.0000e+00
9.7452e-02 7.2949e-05 3.8076e-05 3.6537e-03 9.8123e-02 1.0000e+00
9.8704e-02 1.8223e-06 7.2320e-06 3.5747e-03 9.9303e-02 1.0000e+00
9.9957e-02 7.0903e-07 4.3219e-06 3.4896e-03 1.0062e-01 1.0000e+00
1.0121e-01 1.0577e-04 5.6367e-05 3.7699e-03 1.0183e-01 1.0000e+00
1.0246e-01 2.4637e-04 7.7187e-05 3.3991e-03 1.0304e-01 1.0000e+00
1.0372e-01 1.8748e-09 1.6430e-07 3.5778e-03 1.0434e-01 1.0000e+00
1.0497e-01 1.1746e-04 4.7335e-05 3.4454e-03 1.0559e-01 1.0000e+00
1.0622e-01 1.2485e-06 4.9254e-06 3.4459e-03 1.0686e-01 1.0000e+00
1.0747e-01 3.7128e-05 2.5660e-05 3.4935e-03 1.0812e-01 1.0000e+00
1.0873e-01 1.9977e-05 1.7225e-05 3.4246e-03 1.0938e-01 1.0000e+00
1.0998e-01 1.3001e-04 5.1406e-05 3.4828e-03 1.1059e-01 1.0000e+00
1.1123e-01 1.0831e-04 3.6531e-05 3.3716e-03 1.1185e-01 1.0000e+00
1.1248e-01 1.4282e-04 4.9140e-05 3.5197e-03 1.1310e-01 1.0000e+00
1.1374e-01 1.4427e-05 1.5869e-05 3.3207e-03 1.1427e-01 1.0000e+00
1.1499e-01 5.4774e-05 2.8126e-05 3.2428e-03 1.1564e-01 1.0000e+00
1.1624e-01 1.1202e-04 4.8429e-05 3.5587e-03 1.1686e-01 1.0000e+00
1.1749e-01 1.5090e-04 5.1570e-05 3.1887e-03 1.1807e-01 1.0000e+00
1.1875e-01 1.8645e-05 1.7431e-05 3.2834e-03 1.1944e-01 1.0000e+00
1.2000e-01 1.2879e-04 4.6619e-05 3.4881e-03 1.2058e-01 1.0000e+00
