3.5000e-03 7.7995e-01 2.1044e-02 2.6366e-03 4.1967e-03 1.0000e+00
4.7527e-03 1.4414e-01 1.0655e-02 2.2943e-03 5.4469e-03 1.0000e+00
6.0054e-03 1.1740e-01 7.0917e-03 1.9906e-03 6.6820e-03 1.0000e+00
7.2581e-03 4.3771e-02 5.7281e-03 1.8473e-03 7.9408e-03 1.0000e+00
8.5108e-03 3.9578e-02 5.1919e-03 1.7382e-03 9.1712e-03 1.0000e+00
9.7634e-03 6.4577e-02 4.5322e-03 1.6169e-03 1.0394e-02 1.0000e+00
1.1016e-02 4.2537e-02 4.1710e-03 1.5040e-03 1.1653e-02 1.0000e+00
1.2269e-02 5.7297e-02 4.1219e-03 1.4517e-03 1.2911e-02 1.0000e+00
1.3522e-02 5.0475e-02 3.7981e-03 1.3719e-03 1.4163e-02 1.0000e+00
1.4774e-02 6.1728e-02 3.5600e-03 1.3255e-03 1.5416e-02 1.0000e+00
1.6027e-02 2.4281e-02 3.5174e-03 1.2640e-03 1.6669e-02 1.0000e+00
1.7280e-02 2.4034e-02 3.1987e-03 1.2300e-03 1.7922e-02 1.0000e+00
1.8532e-02 4.2474e-02 3.2389e-03 1.1827e-03 1.9169e-02 1.0000e+00
1.9785e-02 4.5551e-02 3.0134e-03 1.1486e-03 2.0422e-02 1.0000e+00
2.1038e-02 3.1223e-02 2.9929e-03 1.1098e-03 2.1677e-02 1.0000e+00
2.2290e-02 5.5626e-02 2.8570e-03 1.0867e-03 2.2930e-02 1.0000e+00
2.3543e-02 4.2673e-02 2.6863e-03 1.0506e-03 2.4182e-02 1.0000e+00
2.4796e-02 1.8482e-02 2.8668e-03 1.0266e-03 2.5441e-02 1.0000e+00
2.6048e-02 3.4844e-02 3.0180e-03 1.0805e-03 2.6656e-02 1.0000e+00
2.7301e-02 2.6859e-02 3.9172e-03 1.2118e-03 2.7908e-02 1.0000e+00
2.8554e-02 3.0335e-02 3.2828e-03 1.3491e-03 2.9140e-02 1.0000e+00
2.9806e-02 1.1047e-02 2.0876e-03 1.4575e-03 3.0425e-02 1.0000e+00
3.1059e-02 2.7649e-02 1.9771e-03 1.4613e-03 3.1675e-02 1.0000e+00
3.2312e-02 2.8221e-02 1.9268e-03 1.5323e-03 3.2926e-02 1.0000e+00
3.3565e-02 1.0997e-02 2.0454e-03 1.5319e-03 3.4180e-02 1.0000e+00
3.4817e-02 8.5983e-03 1.9059e-03 1.5661e-03 3.5429e-02 1.0000e+00
3.6070e-02 1.2088e-02 2.0331e-03 1.6153e-03 3.6687e-02 1.0000e+00
3.7323e-02 8.5698e-03 2.4912e-03 1.9371e-03 3.7903e-02 1.0000e+00
3.8575e-02 2.8050e-02 5.6202e-03 2.2862e-03 3.9193e-02 1.0000e+00
3.9828e-02 5.0407e-03 1.2429e-03 2.6795e-03 4.0407e-02 1.0000e+00
4.1081e-02 1.1329e-02 9.7696e-04 3.0835e-03 4.1723e-02 1.0000e+00
4.2333e-02 8.5646e-03 1.0962e-03 3.7482e-03 4.2974e-02 1.0000e+00
4.3586e-02 7.8012e-03 9.3210e-04 4.1835e-03 4.4131e-02 1.0000e+00
4.4839e-02 6.7147e-03 8.9553e-04 4.7093e-03 4.5534e-02 1.0000e+00
4.6091e-02 1.4292e-02 9.4181e-04 5.3431e-03 4.6666e-02 1.0000e+00
4.7344e-02 1.1597e-03 8.9691e-04 4.4852e-03 4.7930e-02 1.0000e+00
4.8597e-02 3.2789e-03 9.0262e-04 4.6754e-03 4.9322e-02 1.0000e+00
4.9849e-02 2.3777e-03 9.5399e-04 4.8271e-03 5.0474e-02 1.0000e+00
5.1102e-02 2.6744e-03 7.6121e-04 4.5649e-03 5.1790e-02 1.0000e+00
5.2355e-02 2.4523e-03 8.7813e-04 4.8602e-03 5.2984e-02 1.0000e+00
5.3608e-02 2.3183e-03 8.9543e-04 4.4619e-03 5.4177e-02 1.0000e+00
5.4860e-02 8.0501e-03 7.6299e-04 4.5663e-03 5.5501e-02 1.0000e+00
5.6113e-02 6.8325e-03 7.8934e-04 4.5399e-03 5.6716e-02 1.0000e+00
5.7366e-02 5.6420e-03 8.2891e-04 4.3663e-03 5.7991e-02 1.0000e+00
5.8618e-02 8.5892e-03 7.1743e-04 4.4390e-03 5.9271e-02 1.0000e+00
5.9871e-02 6.9726e-03 7.9856e-04 4.4393e-03 6.0513e-02 1.0000e+00
6.1124e-02 8.0027e-03 7.6366e-04 4.4155e-03 6.1710e-02 1.0000e+00
6.2376e-02 9.1142e-03 7.5578e-04 4.2553e-03 6.2977e-02 1.0000e+00
6.3629e-02 1.0257e-02 7.7610e-04 4.3686e-03 6.4232e-02 1.0000e+00
6.4882e-02 1.9696e-03 7.7992e-04 4.1517e-03 6.5468e-02 1.0000e+00
6.6134e-02 5.1519e-05 7.5669e-04 4.1522e-03 6.6827e-02 1.0000e+00
6.7387e-02 8.7365e-03 8.0238e-04 4.4424e-03 6.7982e-02 1.0000e+00
6.8640e-02 5.4575e-03 6.9104e-04 3.8968e-03 6.9276e-02 1.0000e+00
6.9892e-02 7.7956e-03 7.6821e-04 4.4685e-03 7.0570e-02 1.0000e+00
7.1145e-02 9.1770e-03 7.3575e-04 4.0197e-03 7.1680e-02 1.0000e+00
7.2398e-02 8.8962e-03 6.6351e-04 3.9493e-03 7.3065e-02 1.0000e+00
7.3651e-02 7.0959e-03 7.7442e-04 4.3727e-03 7.4234e-02 1.0000e+00
7.4903e-02 2.0912e-03 7.2515e-04 3.7725e-03 7.5480e-02 1.0000e+00
7.6156e-02 7.9427e-03 6.5006e-04 4.0405e-03 7.6841e-02 1.0000e+00
7.7409e-02 6.3917e-03 7.1852e-04 4.0974e-03 7.7988e-02 1.0000e+00
7.8661e-02 3.9283e-03 6.7481e-04 3.8681e-03 7.9256e-02 1.0000e+00
7.9914e-02 6.8711e-03 6.4486e-04 3.8524e-03 8.0554e-02 1.0000e+00
8.1167e-02 3.1223e-03 6.9344e-04 3.9528e-03 8.1801e-02 1.0000e+00
8.2419e-02 3.5451e-03 6.5209e-04 3.9195e-03 8.3032e-02 1.0000e+00
8.3672e-02 6.4593e-03 6.3358e-04 3.7028e-03 8.4312e-02 1.0000e+00
8.4925e-02 -1.3823e-03 6.9973e-04 3.9721e-03 8.5562e-02 1.0000e+00
8.6177e-02 3.6700e-03 6.3804e-04 3.8080e-03 8.6743e-02 1.0000e+00
8.7430e-02 3.5389e-03 6.4986e-04 3.6218e-03 8.8088e-02 1.0000e+00
8.8683e-02 7.1617e-03 6.8043e-04 3.8889e-03 8.9304e-02 1.0000e+00
8.9935e-02 4.6401e-04 5.9940e-04 3.6636e-03 9.0563e-02 1.0000e+00
9.1188e-02 6.2416e-03 6.3783e-04 3.7205e-03 9.1860e-02 1.0000e+00
9.2441e-02 -6.8764e-04 6.6021e-04 3.8266e-03 9.2991e-02 1.0000e+00
9.3694e-02 5.0235e-03 6.2248e-04 3.5726e-03 9.4306e-02 1.0000e+00
9.4946e-02 4.8617e-03 6.6728e-04 3.8275e-03 9.5497e-02 1.0000e+00
9.6199e-02 1.1843e-03 6.2928e-04 3.4299e-03 9.6762e-02 1.0000e+00
9.7452e-02 1.6685e-03 6.3590e-04 3.6537e-03 9.8120e-02 1.0000e+00
9.8704e-02 1.9589e-03 6.5363e-04 3.5620e-03 9.9305e-02 1.0000e+00
9.9957e-02 2.0611e-03 6.0595e-04 3.4661e-03 1.0064e-01 1.0000e+00
1.0121e-01 7.8842e-03 6.1993e-04 3.8156e-03 1.0185e-01 1.0000e+00
1.0246e-01 5.9917e-03 6.3213e-04 3.3882e-03 1.0304e-01 1.0000e+00
1.0372e-01 4.3743e-03 6.0609e-04 3.5907e-03 1.0434e-01 1.0000e+00
1.0497e-01 -4.8791e-04 6.2472e-04 3.4454e-03 1.0558e-01 1.0000e+00
1.0622e-01 5.2628e-03 6.5207e-04 3.4345e-03 1.0686e-01 1.0000e+00
1.0747e-01 2.1232e-03 5.8472e-04 3.5054e-03 1.0812e-01 1.0000e+00
1.0873e-01 2.9872e-03 6.0467e-04 3.4246e-03 1.0938e-01 1.0000e+00
1.0998e-01 1.0641e-02 6.3451e-04 3.4828e-03 1.1058e-01 1.0000e+00
1.1123e-01 6.3286e-03 5.7066e-04 3.3716e-03 1.1184e-01 1.0000e+00
1.1248e-01 3.7775e-03 5.9966e-04 3.5197e-03 1.1310e-01 1.0000e+00
1.1374e-01 2.7902e-03 6.1302e-04 3.3207e-03 1.1426e-01 1.0000e+00
1.1499e-01 6.7280e-05 5.7108e-04 3.2333e-03 1.1564e-01 1.0000e+00
1.1624e-01 1.5506e-03 6.1739e-04 3.5587e-03 1.1687e-01 1.0000e+00
1.1749e-01 4.9835e-04 6.0889e-04 3.1887e-03 1.1807e-01 1.0000e+00
1.1875e-01 1.2596e-03 5.4776e-04 3.2933e-03 1.1944e-01 1.0000e+00
1.2000e-01 3.6465e-03 5.9703e-04 3.4763e-03 1.2058e-01 1.0000e+00
