3.5000e-03 5.0990e-02 1.6214e-02 2.6120e-03 4.1872e-03 1.0000e+00
4.7527e-03 2.2272e-01 9.0721e-03 2.2781e-03 5.4548e-03 1.0000e+00
6.0054e-03 2.4203e-01 6.0608e-03 1.9906e-03 6.6953e-03 1.0000e+00
7.2581e-03 2.5814e-01 5.5167e-03 1.8735e-03 7.9338e-03 1.0000e+00
8.5108e-03 2.1320e-01 4.9308e-03 1.7241e-03 9.1537e-03 1.0000e+00
9.7634e-03 2.3744e-01 4.3672e-03 1.6112e-03 1.0394e-02 1.0000e+00
1.1016e-02 2.2776e-01 4.0948e-03 1.4994e-03 1.1659e-02 1.0000e+00
1.2269e-02 2.0830e-01 3.8778e-03 1.4475e-03 1.2920e-02 1.0000e+00
1.3522e-02 2.2502e-01 3.6739e-03 1.3719e-03 1.4171e-02 1.0000e+00
1.4774e-02 2.0238e-01 3.3648e-03 1.3416e-03 1.5410e-02 1.0000e+00
1.6027e-02 1.7184e-01 3.4153e-03 1.2585e-03 1.6655e-02 1.0000e+00
1.7280e-02 1.6684e-01 3.0683e-03 1.2300e-03 1.7911e-02 1.0000e+00
1.8532e-02 1.6817e-01 3.0576e-03 1.1805e-03 1.9162e-02 1.0000e+00
1.9785e-02 1.6763e-01 2.8231e-03 1.1445e-03 2.0421e-02 1.0000e+00
2.1038e-02 1.3330e-01 2.7875e-03 1.1117e-03 2.1677e-02 1.0000e+00
2.2290e-02 1.4875e-01 2.6026e-03 1.0833e-03 2.2932e-02 1.0000e+00
2.3543e-02 1.4600e-01 2.4758e-03 1.0522e-03 2.4185e-02 1.0000e+00
2.4796e-02 1.0607e-01 2.7118e-03 1.0223e-03 2.5446e-02 1.0000e+00
2.6048e-02 9.6235e-02 2.7486e-03 1.0754e-03 2.6675e-02 1.0000e+00
2.7301e-02 1.1424e-01 3.7716e-03 1.2314e-03 2.7918e-02 1.0000e+00
2.8554e-02 1.0215e-01 3.1776e-03 1.3333e-03 2.9147e-02 1.0000e+00
2.9806e-02 7.8382e-02 1.9239e-03 1.4694e-03 3.0438e-02 1.0000e+00
3.1059e-02 8.2227e-02 1.7686e-03 1.4614e-03 3.1680e-02 1.0000e+00
3.2312e-02 8.0261e-02 1.7225e-03 1.5279e-03 3.2935e-02 1.0000e+00
3.3565e-02 4.8107e-02 1.8053e-03 1.5410e-03 3.4186e-02 1.0000e+00
3.4817e-02 5.7198e-02 1.7224e-03 1.5755e-03 3.5423e-02 1.0000e+00
3.6070e-02 5.7132e-02 1.8755e-03 1.5904e-03 3.6683e-02 1.0000e+00
3.7323e-02 6.0228e-02 2.2106e-03 1.9506e-03 3.7900e-02 1.0000e+00
3.8575e-02 3.1003e-02 3.1959e-03 2.2738e-03 3.9186e-02 1.0000e+00
3.9828e-02 3.1030e-02 1.1869e-03 2.6458e-03 4.0408e-02 1.0000e+00
4.1081e-02 3.6640e-02 9.1996e-04 3.1056e-03 4.1723e-02 1.0000e+00
4.2333e-02 2.9579e-02 1.0058e-03 3.6859e-03 4.2967e-02 1.0000e+00
4.3586e-02 3.4136e-02 8.9925e-04 4.2071e-03 4.4124e-02 1.0000e+00
4.4839e-02 2.9922e-02 8.5951e-04 4.6567e-03 4.5528e-02 1.0000e+00
4.6091e-02 3.2485e-02 8.6597e-04 5.3431e-03 4.6669e-02 1.0000e+00
4.7344e-02 1.7738e-02 8.5575e-04 4.4852e-03 4.7932e-02 1.0000e+00
4.8597e-02 1.9712e-02 8.4268e-04 4.6754e-03 4.9324e-02 1.0000e+00
4.9849e-02 2.1379e-02 9.2200e-04 4.8271e-03 5.0477e-02 1.0000e+00
5.1102e-02 1.9959e-02 7.2831e-04 4.6196e-03 5.1779e-02 1.0000e+00
5.2355e-02 1.6059e-02 7.9830e-04 4.7966e-03 5.2970e-02 1.0000e+00
5.3608e-02 1.1779e-02 8.3879e-04 4.4619e-03 5.4180e-02 1.0000e+00
5.4860e-02 1.9535e-02 6.9318e-04 4.5663e-03 5.5504e-02 1.0000e+00
5.6113e-02 1.8077e-02 7.3227e-04 4.5399e-03 5.6719e-02 1.0000e+00
5.7366e-02 1.1235e-02 7.5254e-04 4.3663e-03 5.7993e-02 1.0000e+00
5.8618e-02 1.6675e-02 6.3934e-04 4.4390e-03 5.9273e-02 1.0000e+00
5.9871e-02 1.2214e-02 6.9500e-04 4.4393e-03 6.0516e-02 1.0000e+00
6.1124e-02 1.3470e-02 6.6713e-04 4.4400e-03 6.1705e-02 1.0000e+00
6.2376e-02 1.0981e-02 6.7411e-04 4.2337e-03 6.2973e-02 1.0000e+00
6.3629e-02 1.2105e-02 6.6400e-04 4.3686e-03 6.4235e-02 1.0000e+00
6.4882e-02 4.3345e-03 6.9930e-04 4.1517e-03 6.5470e-02 1.0000e+00
6.6134e-02 4.8101e-03 6.8374e-04 4.1522e-03 6.6830e-02 1.0000e+00
6.7387e-02 8.7620e-03 6.9139e-04 4.4424e-03 6.7985e-02 1.0000e+00
6.8640e-02 7.5496e-03 6.1174e-04 3.8968e-03 6.9279e-02 1.0000e+00
6.9892e-02 5.0958e-03 6.4004e-04 4.4685e-03 7.0573e-02 1.0000e+00
7.1145e-02 1.1697e-02 6.5980e-04 4.0197e-03 7.1683e-02 1.0000e+00
7.2398e-02 8.7057e-03 5.7654e-04 3.9493e-03 7.3068e-02 1.0000e+00
7.3651e-02 5.9805e-03 6.4575e-04 4.3964e-03 7.4230e-02 1.0000e+00
7.4903e-02 3.8006e-03 6.6470e-04 3.7575e-03 7.5479e-02 1.0000e+00
7.6156e-02 8.5850e-03 5.5715e-04 4.0405e-03 7.6844e-02 1.0000e+00
7.7409e-02 6.2612e-03 6.1981e-04 4.0975e-03 7.7992e-02 1.0000e+00
7.8661e-02 2.8726e-03 5.9957e-04 3.8681e-03 7.9258e-02 1.0000e+00
7.9914e-02 7.1560e-03 5.6034e-04 3.8686e-03 8.0551e-02 1.0000e+00
8.1167e-02 4.9338e-03 6.1099e-04 3.9355e-03 8.1799e-02 1.0000e+00
8.2419e-02 5.9160e-03 5.8234e-04 3.9195e-03 8.3035e-02 1.0000e+00
8.3672e-02 3.6445e-03 5.5030e-04 3.7028e-03 8.4315e-02 1.0000e+00
8.4925e-02 9.0080e-05 6.3119e-04 3.9721e-03 8.5565e-02 1.0000e+00
8.6177e-02 3.3459e-03 5.6037e-04 3.8080e-03 8.6746e-02 1.0000e+00
8.7430e-02 3.7721e-03 5.7882e-04 3.6487e-03 8.8082e-02 1.0000e+00
8.8683e-02 6.0418e-03 5.8465e-04 3.8725e-03 8.9291e-02 1.0000e+00
8.9935e-02 4.4203e-03 5.4993e-04 3.6636e-03 9.0556e-02 1.0000e+00
9.1188e-02 5.6995e-03 5.4940e-04 3.7204e-03 9.1853e-02 1.0000e+00
9.2441e-02 2.2165e-03 6.0355e-04 3.8110e-03 9.2990e-02 1.0000e+00
9.3694e-02 3.7750e-03 5.3685e-04 3.5855e-03 9.4305e-02 1.0000e+00
9.4946e-02 3.3793e-03 5.5604e-04 3.8275e-03 9.5489e-02 1.0000e+00
9.6199e-02 4.9675e-03 5.7951e-04 3.4186e-03 9.6761e-02 1.0000e+00
9.7452e-02 -2.5087e-04 5.5448e-04 3.6537e-03 9.8123e-02 1.0000e+00
9.8704e-02 3.1081e-03 5.8087e-04 3.5747e-03 9.9303e-02 1.0000e+00
9.9957e-02 1.7946e-03 5.4410e-04 3.4896e-03 1.0062e-01 1.0000e+00
1.0121e-01 4.3320e-03 5.1787e-04 3.7699e-03 1.0183e-01 1.0000e+00
1.0246e-01 4.8894e-03 5.5125e-04 3.3991e-03 1.0304e-01 1.0000e+00
1.0372e-01 5.2016e-03 5.3604e-04 3.5778e-03 1.0434e-01 1.0000e+00
1.0497e-01 -9.8128e-04 5.5264e-04 3.4454e-03 1.0559e-01 1.0000e+00
1.0622e-01 3.8612e-03 5.7273e-04 3.4459e-03 1.0686e-01 1.0000e+00
1.0747e-01 1.8127e-04 5.0906e-04 3.4935e-03 1.0812e-01 1.0000e+00
1.0873e-01 2.0123e-03 5.3816e-04 3.4246e-03 1.0938e-01 1.0000e+00
1.0998e-01 5.4748e-03 5.3079e-04 3.4828e-03 1.1059e-01 1.0000e+00
1.1123e-01 5.1049e-03 4.9531e-04 3.3716e-03 1.1185e-01 1.0000e+00
1.1248e-01 4.3757e-03 5.2092e-04 3.5197e-03 1.1310e-01 1.0000e+00
1.1374e-01 -4.3989e-04 5.3818e-04 3.3207e-03 1.1427e-01 1.0000e+00
1.1499e-01 -2.0449e-03 5.0969e-04 3.2428e-03 1.1564e-01 1.0000e+00
1.1624e-01 1.5860e-04 5.2243e-04 3.5587e-03 1.1686e-01 1.0000e+00
1.1749e-01 -7.1770e-04 5.5331e-04 3.1887e-03 1.1807e-01 1.0000e+00
1.1875e-01 1.4488e-03 4.8932e-04 3.2834e-03 1.1944e-01 1.0000e+00
1.2000e-01 2.3602e-03 5.1096e-04 3.4881e-03 1.2058e-01 1.0000e+00
