3.5000e-03 -9.9226e-01 1.6947e-02 2.6120e-03 4.1802e-03 1.0000e+00
4.7527e-03 2.3549e-02 1.0018e-02 2.2781e-03 5.4482e-03 1.0000e+00
6.0054e-03 1.6488e-01 6.7113e-03 2.0013e-03 6.6940e-03 1.0000e+00
7.2581e-03 1.9418e-01 5.9706e-03 1.8735e-03 7.9266e-03 1.0000e+00
8.5108e-03 2.1598e-01 5.4606e-03 1.7036e-03 9.1686e-03 1.0000e+00
9.7634e-03 2.2903e-01 4.7629e-03 1.6170e-03 1.0420e-02 1.0000e+00
1.1016e-02 2.1551e-01 4.3080e-03 1.5276e-03 1.1657e-02 1.0000e+00
1.2269e-02 2.1883e-01 4.1665e-03 1.4394e-03 1.2905e-02 1.0000e+00
1.3522e-02 2.1043e-01 3.8820e-03 1.3719e-03 1.4166e-02 1.0000e+00
1.4774e-02 2.0768e-01 3.6052e-03 1.3224e-03 1.5421e-02 1.0000e+00
1.6027e-02 1.7457e-01 3.6009e-03 1.2613e-03 1.6680e-02 1.0000e+00
1.7280e-02 1.6033e-01 3.2675e-03 1.2351e-03 1.7927e-02 1.0000e+00
1.8532e-02 1.5667e-01 3.2024e-03 1.1805e-03 1.9173e-02 1.0000e+00
1.9785e-02 1.4648e-01 2.9490e-03 1.1506e-03 2.0424e-02 1.0000e+00
2.1038e-02 1.4217e-01 2.9422e-03 1.1098e-03 2.1676e-02 1.0000e+00
2.2290e-02 1.4608e-01 2.7538e-03 1.0782e-03 2.2938e-02 1.0000e+00
2.3543e-02 1.3894e-01 2.6459e-03 1.0507e-03 2.4199e-02 1.0000e+00
2.4796e-02 1.0091e-01 2.8461e-03 1.0325e-03 2.5449e-02 1.0000e+00
2.6048e-02 1.1132e-01 2.9469e-03 1.0788e-03 2.6665e-02 1.0000e+00
2.7301e-02 1.0721e-01 3.8574e-03 1.2070e-03 2.7920e-02 1.0000e+00
2.8554e-02 1.0500e-01 3.2605e-03 1.3491e-03 2.9158e-02 1.0000e+00
2.9806e-02 7.1559e-02 2.0262e-03 1.4817e-03 3.0427e-02 1.0000e+00
3.1059e-02 8.7545e-02 1.9145e-03 1.4494e-03 3.1667e-02 1.0000e+00
3.2312e-02 7.4270e-02 1.8284e-03 1.5414e-03 3.2921e-02 1.0000e+00
3.3565e-02 4.9227e-02 1.9097e-03 1.5275e-03 3.4173e-02 1.0000e+00
3.4817e-02 5.6760e-02 1.8270e-03 1.5661e-03 3.5423e-02 1.0000e+00
3.6070e-02 6.2124e-02 1.9893e-03 1.6052e-03 3.6688e-02 1.0000e+00
3.7323e-02 5.1468e-02 2.4341e-03 1.9538e-03 3.7910e-02 1.0000e+00
3.8575e-02 5.3831e-02 4.3457e-03 2.2987e-03 3.9194e-02 1.0000e+00
3.9828e-02 3.0600e-02 1.2380e-03 2.6967e-03 4.0401e-02 1.0000e+00
4.1081e-02 3.7806e-02 9.6537e-04 3.0617e-03 4.1720e-02 1.0000e+00
4.2333e-02 3.8210e-02 1.1253e-03 3.7858e-03 4.2976e-02 1.0000e+00
4.3586e-02 3.6647e-02 9.6103e-04 4.1835e-03 4.4128e-02 1.0000e+00
4.4839e-02 2.8961e-02 9.0185e-04 4.7093e-03 4.5534e-02 1.0000e+00
4.6091e-02 3.7606e-02 9.5536e-04 5.3431e-03 4.6666e-02 1.0000e+00
4.7344e-02 1.8646e-02 8.8721e-04 4.4852e-03 4.7929e-02 1.0000e+00
4.8597e-02 2.1574e-02 9.0033e-04 4.6754e-03 4.9322e-02 1.0000e+00
4.9849e-02 1.8123e-02 9.4022e-04 4.8271e-03 5.0474e-02 1.0000e+00
5.1102e-02 1.9931e-02 7.5957e-04 4.5649e-03 5.1790e-02 1.0000e+00
5.2355e-02 1.9079e-02 8.6750e-04 4.8602e-03 5.2983e-02 1.0000e+00
5.3608e-02 1.4465e-02 8.7606e-04 4.4619e-03 5.4177e-02 1.0000e+00
5.4860e-02 1.5999e-02 7.2020e-04 4.5663e-03 5.5501e-02 1.0000e+00
5.6113e-02 1.8735e-02 7.7283e-04 4.5399e-03 5.6715e-02 1.0000e+00
5.7366e-02 1.1978e-02 7.8835e-04 4.3663e-03 5.7990e-02 1.0000e+00
5.8618e-02 1.6635e-02 6.8620e-04 4.4390e-03 5.9271e-02 1.0000e+00
5.9871e-02 9.7582e-03 7.2840e-04 4.4393e-03 6.0513e-02 1.0000e+00
6.1124e-02 1.2669e-02 7.0870e-04 4.4155e-03 6.1709e-02 1.0000e+00
6.2376e-02 1.1228e-02 7.1314e-04 4.2553e-03 6.2977e-02 1.0000e+00
6.3629e-02 1.1578e-02 7.0506e-04 4.3686e-03 6.4232e-02 1.0000e+00
6.4882e-02 4.3487e-03 7.3303e-04 4.1517e-03 6.5467e-02 1.0000e+00
6.6134e-02 3.5447e-03 7.2563e-04 4.1522e-03 6.6827e-02 1.0000e+00
6.7387e-02 7.4543e-03 7.2822e-04 4.4424e-03 6.7982e-02 1.0000e+00
6.8640e-02 4.1075e-03 6.4245e-04 3.8968e-03 6.9276e-02 1.0000e+00
6.9892e-02 3.4447e-03 6.7871e-04 4.4685e-03 7.0570e-02 1.0000e+00
7.1145e-02 8.9822e-03 6.8374e-04 4.0197e-03 7.1680e-02 1.0000e+00
7.2398e-02 3.6493e-03 6.0010e-04 3.9493e-03 7.3065e-02 1.0000e+00
7.3651e-02 4.0365e-03 6.8802e-04 4.3727e-03 7.4233e-02 1.0000e+00
7.4903e-02 -1.9353e-03 6.7670e-04 3.7725e-03 7.5480e-02 1.0000e+00
7.6156e-02 7.7668e-03 5.9132e-04 4.0405e-03 7.6841e-02 1.0000e+00
7.7409e-02 4.9130e-03 6.4901e-04 4.0974e-03 7.7988e-02 1.0000e+00
7.8661e-02 4.4129e-03 6.3240e-04 3.8681e-03 7.9255e-02 1.0000e+00
7.9914e-02 5.8038e-03 5.8823e-04 3.8524e-03 8.0553e-02 1.0000e+00
8.1167e-02 2.3932e-03 6.2889e-04 3.9528e-03 8.1801e-02 1.0000e+00
8.2419e-02 5.8052e-03 6.0989e-04 3.9195e-03 8.3032e-02 1.0000e+00
8.3672e-02 4.3482e-03 5.7984e-04 3.7028e-03 8.4311e-02 1.0000e+00
8.4925e-02 1.6720e-03 6.6747e-04 3.9721e-03 8.5562e-02 1.0000e+00
8.6177e-02 2.8152e-03 5.8278e-04 3.8080e-03 8.6743e-02 1.0000e+00
8.7430e-02 2.9858e-03 5.9668e-04 3.6218e-03 8.8087e-02 1.0000e+00
8.8683e-02 5.9329e-03 6.1802e-04 3.8889e-03 8.9303e-02 1.0000e+00
8.9935e-02 2.8863e-03 5.6783e-04 3.6636e-03 9.0562e-02 1.0000e+00
9.1188e-02 5.9356e-03 5.7732e-04 3.7205e-03 9.1860e-02 1.0000e+00
9.2441e-02 1.8211e-03 6.2280e-04 3.8266e-03 9.2991e-02 1.0000e+00
9.3694e-02 3.7198e-03 5.6639e-04 3.5726e-03 9.4306e-02 1.0000e+00
9.4946e-02 3.0503e-03 5.8868e-04 3.8275e-03 9.5496e-02 1.0000e+00
9.6199e-02 1.4688e-03 5.8974e-04 3.4299e-03 9.6761e-02 1.0000e+00
9.7452e-02 2.4816e-04 5.7810e-04 3.6537e-03 9.8120e-02 1.0000e+00
9.8704e-02 1.9304e-03 6.0456e-04 3.5620e-03 9.9304e-02 1.0000e+00
9.9957e-02 4.6670e-03 5.7800e-04 3.4661e-03 1.0064e-01 1.0000e+00
1.0121e-01 3.2758e-03 5.4378e-04 3.8156e-03 1.0185e-01 1.0000e+00
1.0246e-01 3.5503e-03 5.7195e-04 3.3882e-03 1.0304e-01 1.0000e+00
1.0372e-01 3.3747e-03 5.5255e-04 3.5907e-03 1.0434e-01 1.0000e+00
1.0497e-01 -1.2003e-03 5.7718e-04 3.4454e-03 1.0558e-01 1.0000e+00
1.0622e-01 1.5881e-03 5.8969e-04 3.4345e-03 1.0686e-01 1.0000e+00
1.0747e-01 2.9820e-04 5.3447e-04 3.5054e-03 1.0812e-01 1.0000e+00
1.0873e-01 1.0005e-03 5.5734e-04 3.4246e-03 1.0938e-01 1.0000e+00
1.0998e-01 3.7857e-03 5.5355e-04 3.4828e-03 1.1058e-01 1.0000e+00
1.1123e-01 5.5984e-03 5.2203e-04 3.3716e-03 1.1184e-01 1.0000e+00
1.1248e-01 3.4127e-03 5.4663e-04 3.5197e-03 1.1310e-01 1.0000e+00
1.1374e-01 -9.4262e-05 5.5948e-04 3.3207e-03 1.1426e-01 1.0000e+00
1.1499e-01 -2.7398e-03 5.2602e-04 3.2333e-03 1.1564e-01 1.0000e+00
1.1624e-01 -6.5627e-04 5.4877e-04 3.5587e-03 1.1687e-01 1.0000e+00
1.1749e-01 5.6577e-04 5.7188e-04 3.1887e-03 1.1807e-01 1.0000e+00
1.1875e-01 1.5604e-03 5.1061e-04 3.2933e-03 1.1944e-01 1.0000e+00
1.2000e-01 -1.4444e-03 5.2037e-04 3.4763e-03 1.2058e-01 1.0000e+00
