Q, Struc, DelStruc, Q_Unc, Q_mean, Shadow
3.5000e-03 6.6437e+01 7.5676e-02 2.6120e-03 4.1802e-03 1.0000e+00
4.7527e-03 1.2176e+01 3.0144e-02 2.2781e-03 5.4482e-03 1.0000e+00
6.0054e-03 4.5635e+00 1.7506e-02 2.0013e-03 6.6940e-03 1.0000e+00
7.2581e-03 2.1408e+00 1.1696e-02 1.8735e-03 7.9266e-03 1.0000e+00
8.5108e-03 1.2373e+00 7.9716e-03 1.7036e-03 9.1686e-03 1.0000e+00
9.7634e-03 7.3168e-01 6.3745e-03 1.6170e-03 1.0420e-02 1.0000e+00
1.1016e-02 4.7193e-01 4.9485e-03 1.5276e-03 1.1657e-02 1.0000e+00
1.2269e-02 3.3158e-01 4.2155e-03 1.4394e-03 1.2905e-02 1.0000e+00
1.3522e-02 2.4497e-01 3.6038e-03 1.3719e-03 1.4166e-02 1.0000e+00
1.4774e-02 1.9419e-01 3.2077e-03 1.3224e-03 1.5421e-02 1.0000e+00
1.6027e-02 1.8359e-01 2.9391e-03 1.2613e-03 1.6680e-02 1.0000e+00
1.7280e-02 1.2291e-01 2.6677e-03 1.2351e-03 1.7927e-02 1.0000e+00
1.8532e-02 9.6136e-02 2.5490e-03 1.1805e-03 1.9173e-02 1.0000e+00
1.9785e-02 8.6606e-02 2.3820e-03 1.1506e-03 2.0424e-02 1.0000e+00
2.1038e-02 7.8355e-02 2.2077e-03 1.1098e-03 2.1676e-02 1.0000e+00
2.2290e-02 5.1105e-02 2.2116e-03 1.0782e-03 2.2938e-02 1.0000e+00
2.3543e-02 5.9766e-02 2.0614e-03 1.0507e-03 2.4199e-02 1.0000e+00
2.4796e-02 6.3124e-02 2.1596e-03 1.0325e-03 2.5449e-02 1.0000e+00
2.6048e-02 4.4149e-02 2.4286e-03 1.0788e-03 2.6665e-02 1.0000e+00
2.7301e-02 5.7113e-02 4.1475e-03 1.2070e-03 2.7920e-02 1.0000e+00
2.8554e-02 3.4644e-02 3.7844e-03 1.3491e-03 2.9158e-02 1.0000e+00
2.9806e-02 3.3535e-02 1.2312e-03 1.4817e-03 3.0427e-02 1.0000e+00
3.1059e-02 3.5762e-02 1.2942e-03 1.4494e-03 3.1667e-02 1.0000e+00
3.2312e-02 3.9798e-02 1.0668e-03 1.5414e-03 3.2921e-02 1.0000e+00
3.3565e-02 3.4957e-02 1.2056e-03 1.5275e-03 3.4173e-02 1.0000e+00
3.4817e-02 3.1550e-02 1.0668e-03 1.5661e-03 3.5423e-02 1.0000e+00
3.6070e-02 3.0309e-02 9.8299e-04 1.6052e-03 3.6688e-02 1.0000e+00
3.7323e-02 3.0508e-02 1.0920e-03 1.9538e-03 3.7910e-02 1.0000e+00
3.8575e-02 3.4918e-02 9.8559e-04 2.2987e-03 3.9194e-02 1.0000e+00
3.9828e-02 3.5630e-02 1.0438e-03 2.6967e-03 4.0401e-02 1.0000e+00
4.1081e-02 2.7200e-02 9.6018e-04 3.0617e-03 4.1720e-02 1.0000e+00
4.2333e-02 2.5026e-02 9.8428e-04 3.7858e-03 4.2976e-02 1.0000e+00
4.3586e-02 3.5436e-02 9.4025e-04 4.1835e-03 4.4128e-02 1.0000e+00
4.4839e-02 2.9461e-02 8.6726e-04 4.7093e-03 4.5534e-02 1.0000e+00
4.6091e-02 2.3823e-02 9.6105e-04 5.3431e-03 4.6666e-02 1.0000e+00
4.7344e-02 3.4234e-02 8.6016e-04 4.4852e-03 4.7929e-02 1.0000e+00
4.8597e-02 3.5848e-02 9.1700e-04 4.6754e-03 4.9322e-02 1.0000e+00
4.9849e-02 3.1255e-02 8.6851e-04 4.8271e-03 5.0474e-02 1.0000e+00
5.1102e-02 3.7587e-02 8.3758e-04 4.5649e-03 5.1790e-02 1.0000e+00
5.2355e-02 4.2664e-02 9.1597e-04 4.8602e-03 5.2983e-02 1.0000e+00
5.3608e-02 3.5248e-02 8.6490e-04 4.4619e-03 5.4177e-02 1.0000e+00
5.4860e-02 4.1705e-02 8.5714e-04 4.5663e-03 5.5501e-02 1.0000e+00
5.6113e-02 4.3161e-02 8.3889e-04 4.5399e-03 5.6715e-02 1.0000e+00
5.7366e-02 5.5224e-02 8.5396e-04 4.3663e-03 5.7990e-02 1.0000e+00
5.8618e-02 5.7567e-02 8.4759e-04 4.4390e-03 5.9271e-02 1.0000e+00
5.9871e-02 8.2753e-02 7.9857e-04 4.4393e-03 6.0513e-02 1.0000e+00
6.1124e-02 7.3332e-02 1.0329e-03 4.4155e-03 6.1709e-02 1.0000e+00
6.2376e-02 1.0408e-01 8.7206e-04 4.2553e-03 6.2977e-02 1.0000e+00
6.3629e-02 1.1077e-01 9.5833e-04 4.3686e-03 6.4232e-02 1.0000e+00
6.4882e-02 1.2016e-01 9.9113e-04 4.1517e-03 6.5467e-02 1.0000e+00
6.6134e-02 1.2937e-01 9.5620e-04 4.1522e-03 6.6827e-02 1.0000e+00
6.7387e-02 1.4493e-01 1.0641e-03 4.4424e-03 6.7982e-02 1.0000e+00
6.8640e-02 1.4921e-01 9.0406e-04 3.8968e-03 6.9276e-02 1.0000e+00
6.9892e-02 1.3448e-01 1.0312e-03 4.4685e-03 7.0570e-02 1.0000e+00
7.1145e-02 1.2548e-01 9.5465e-04 4.0197e-03 7.1680e-02 1.0000e+00
7.2398e-02 1.2264e-01 9.1764e-04 3.9493e-03 7.3065e-02 1.0000e+00
7.3651e-02 1.0951e-01 9.2296e-04 4.3727e-03 7.4233e-02 1.0000e+00
7.4903e-02 9.3203e-02 7.9162e-04 3.7725e-03 7.5480e-02 1.0000e+00
7.6156e-02 8.1531e-02 8.5987e-04 4.0405e-03 7.6841e-02 1.0000e+00
7.7409e-02 7.0532e-02 7.5472e-04 4.0974e-03 7.7988e-02 1.0000e+00
7.8661e-02 6.0115e-02 7.2681e-04 3.8681e-03 7.9255e-02 1.0000e+00
7.9914e-02 4.4728e-02 7.5895e-04 3.8524e-03 8.0553e-02 1.0000e+00
8.1167e-02 3.5311e-02 6.9394e-04 3.9528e-03 8.1801e-02 1.0000e+00
8.2419e-02 3.7270e-02 6.8130e-04 3.9195e-03 8.3032e-02 1.0000e+00
8.3672e-02 2.6759e-02 6.3383e-04 3.7028e-03 8.4311e-02 1.0000e+00
8.4925e-02 2.7753e-02 6.0271e-04 3.9721e-03 8.5562e-02 1.0000e+00
8.6177e-02 2.0793e-02 5.8749e-04 3.8080e-03 8.6743e-02 1.0000e+00
8.7430e-02 1.9694e-02 5.4273e-04 3.6218e-03 8.8087e-02 1.0000e+00
8.8683e-02 1.7063e-02 5.9244e-04 3.8889e-03 8.9303e-02 1.0000e+00
8.9935e-02 1.0523e-02 5.6100e-04 3.6636e-03 9.0562e-02 1.0000e+00
9.1188e-02 6.0551e-03 5.7985e-04 3.7205e-03 9.1860e-02 1.0000e+00
9.2441e-02 7.7175e-03 5.7140e-04 3.8266e-03 9.2991e-02 1.0000e+00
9.3694e-02 1.0905e-02 5.5134e-04 3.5726e-03 9.4306e-02 1.0000e+00
9.4946e-02 3.9794e-03 5.6981e-04 3.8275e-03 9.5496e-02 1.0000e+00
9.6199e-02 8.4946e-03 5.4228e-04 3.4299e-03 9.6761e-02 1.0000e+00
9.7452e-02 1.0662e-02 5.4162e-04 3.6537e-03 9.8120e-02 1.0000e+00
9.8704e-02 7.1778e-03 5.4009e-04 3.5620e-03 9.9304e-02 1.0000e+00
9.9957e-02 8.3243e-03 5.3548e-04 3.4661e-03 1.0064e-01 1.0000e+00
1.0121e-01 7.3522e-03 5.5678e-04 3.8156e-03 1.0185e-01 1.0000e+00
1.0246e-01 1.1175e-02 5.2963e-04 3.3882e-03 1.0304e-01 1.0000e+00
1.0372e-01 1.3009e-02 5.3336e-04 3.5907e-03 1.0434e-01 1.0000e+00
1.0497e-01 9.7617e-03 5.3080e-04 3.4454e-03 1.0558e-01 1.0000e+00
1.0622e-01 1.5607e-02 5.0555e-04 3.4345e-03 1.0686e-01 1.0000e+00
1.0747e-01 1.2151e-02 5.3744e-04 3.5054e-03 1.0812e-01 1.0000e+00
1.0873e-01 1.4807e-02 5.0197e-04 3.4246e-03 1.0938e-01 1.0000e+00
1.0998e-01 1.2787e-02 5.3528e-04 3.4828e-03 1.1058e-01 1.0000e+00
1.1123e-01 1.4119e-02 5.1941e-04 3.3716e-03 1.1184e-01 1.0000e+00
1.1248e-01 1.5738e-02 5.1006e-04 3.5197e-03 1.1310e-01 1.0000e+00
1.1374e-01 1.1239e-02 5.1894e-04 3.3207e-03 1.1426e-01 1.0000e+00
1.1499e-01 1.3028e-02 4.9768e-04 3.2333e-03 1.1564e-01 1.0000e+00
1.1624e-01 1.1707e-02 5.1697e-04 3.5587e-03 1.1687e-01 1.0000e+00
1.1749e-01 1.2803e-02 5.1184e-04 3.1887e-03 1.1807e-01 1.0000e+00
1.1875e-01 1.4548e-02 4.9079e-04 3.2933e-03 1.1944e-01 1.0000e+00
1.2000e-01 2.0231e-02 4.9340e-04 3.4763e-03 1.2058e-01 1.0000e+00
