3.5000e-03 1.1344e-01 1.5406e-02 2.6878e-03 4.1795e-03 1.0000e+00
4.7527e-03 2.1160e-01 8.4474e-03 2.2466e-03 5.4397e-03 1.0000e+00
6.0054e-03 2.6149e-01 6.0258e-03 2.0123e-03 6.6902e-03 1.0000e+00
7.2581e-03 2.2848e-01 5.2373e-03 1.8473e-03 7.9324e-03 1.0000e+00
8.5108e-03 2.2183e-01 4.9078e-03 1.7311e-03 9.1688e-03 1.0000e+00
9.7634e-03 2.1618e-01 4.2818e-03 1.6169e-03 1.0401e-02 1.0000e+00
1.1016e-02 2.0752e-01 4.0442e-03 1.5133e-03 1.1649e-02 1.0000e+00
1.2269e-02 1.9922e-01 3.8371e-03 1.4475e-03 1.2903e-02 1.0000e+00
1.3522e-02 1.8095e-01 3.5383e-03 1.3684e-03 1.4159e-02 1.0000e+00
1.4774e-02 1.8310e-01 3.2603e-03 1.3100e-03 1.5429e-02 1.0000e+00
1.6027e-02 1.4638e-01 3.3077e-03 1.2751e-03 1.6683e-02 1.0000e+00
1.7280e-02 1.5455e-01 3.0510e-03 1.2201e-03 1.7933e-02 1.0000e+00
1.8532e-02 1.4824e-01 3.0022e-03 1.1941e-03 1.9176e-02 1.0000e+00
1.9785e-02 1.5131e-01 2.7538e-03 1.1465e-03 2.0419e-02 1.0000e+00
2.1038e-02 1.2856e-01 2.7378e-03 1.1062e-03 2.1678e-02 1.0000e+00
2.2290e-02 1.3535e-01 2.5595e-03 1.0799e-03 2.2942e-02 1.0000e+00
2.3543e-02 1.3269e-01 2.4406e-03 1.0602e-03 2.4192e-02 1.0000e+00
2.4796e-02 1.0011e-01 2.6913e-03 1.0237e-03 2.5443e-02 1.0000e+00
2.6048e-02 9.8273e-02 2.7425e-03 1.0771e-03 2.6664e-02 1.0000e+00
2.7301e-02 1.0189e-01 3.6064e-03 1.2094e-03 2.7929e-02 1.0000e+00
2.8554e-02 9.6869e-02 3.1641e-03 1.3523e-03 2.9162e-02 1.0000e+00
2.9806e-02 7.0349e-02 1.8948e-03 1.4858e-03 3.0427e-02 1.0000e+00
3.1059e-02 8.0416e-02 1.7453e-03 1.4573e-03 3.1659e-02 1.0000e+00
3.2312e-02 7.3096e-02 1.6907e-03 1.5191e-03 3.2923e-02 1.0000e+00
3.3565e-02 5.3534e-02 1.8016e-03 1.5365e-03 3.4182e-02 1.0000e+00
3.4817e-02 5.8006e-02 1.7235e-03 1.5568e-03 3.5434e-02 1.0000e+00
3.6070e-02 5.3053e-02 1.8657e-03 1.6053e-03 3.6700e-02 1.0000e+00
3.7323e-02 4.7982e-02 2.1733e-03 1.9938e-03 3.7913e-02 1.0000e+00
3.8575e-02 2.8767e-02 3.4901e-03 2.2862e-03 3.9193e-02 1.0000e+00
3.9828e-02 3.4039e-02 1.1872e-03 2.7142e-03 4.0403e-02 1.0000e+00
4.1081e-02 3.5003e-02 9.0500e-04 3.0835e-03 4.1717e-02 1.0000e+00
4.2333e-02 3.1796e-02 1.0107e-03 3.7596e-03 4.2968e-02 1.0000e+00
4.3586e-02 3.5614e-02 8.9692e-04 4.2071e-03 4.4125e-02 1.0000e+00
4.4839e-02 2.7996e-02 8.4476e-04 4.7093e-03 4.5536e-02 1.0000e+00
4.6091e-02 3.7887e-02 8.8110e-04 5.3431e-03 4.6669e-02 1.0000e+00
4.7344e-02 1.9884e-02 8.5587e-04 4.4852e-03 4.7932e-02 1.0000e+00
4.8597e-02 1.9820e-02 8.3804e-04 4.6754e-03 4.9324e-02 1.0000e+00
4.9849e-02 2.1738e-02 9.2007e-04 4.8271e-03 5.0477e-02 1.0000e+00
5.1102e-02 1.9849e-02 7.2373e-04 4.6196e-03 5.1779e-02 1.0000e+00
5.2355e-02 1.2486e-02 7.7679e-04 4.7966e-03 5.2970e-02 1.0000e+00
5.3608e-02 1.3808e-02 8.4153e-04 4.4619e-03 5.4180e-02 1.0000e+00
5.4860e-02 1.5073e-02 6.7158e-04 4.5663e-03 5.5503e-02 1.0000e+00
5.6113e-02 1.9357e-02 7.3295e-04 4.5399e-03 5.6719e-02 1.0000e+00
5.7366e-02 9.3082e-03 7.4266e-04 4.3663e-03 5.7993e-02 1.0000e+00
5.8618e-02 1.5400e-02 6.3218e-04 4.4390e-03 5.9273e-02 1.0000e+00
5.9871e-02 9.3932e-03 6.8258e-04 4.4393e-03 6.0516e-02 1.0000e+00
6.1124e-02 1.3319e-02 6.6306e-04 4.4400e-03 6.1705e-02 1.0000e+00
6.2376e-02 1.2611e-02 6.7532e-04 4.2337e-03 6.2973e-02 1.0000e+00
6.3629e-02 9.8438e-03 6.4982e-04 4.3686e-03 6.4235e-02 1.0000e+00
6.4882e-02 2.7755e-03 6.9166e-04 4.1517e-03 6.5470e-02 1.0000e+00
6.6134e-02 4.5271e-03 6.7945e-04 4.1522e-03 6.6830e-02 1.0000e+00
6.7387e-02 9.1052e-03 6.8874e-04 4.4424e-03 6.7985e-02 1.0000e+00
6.8640e-02 6.9767e-03 6.0661e-04 3.8968e-03 6.9279e-02 1.0000e+00
6.9892e-02 4.3276e-03 6.3352e-04 4.4685e-03 7.0573e-02 1.0000e+00
7.1145e-02 1.0187e-02 6.5089e-04 4.0197e-03 7.1683e-02 1.0000e+00
7.2398e-02 9.6077e-03 5.7585e-04 3.9493e-03 7.3068e-02 1.0000e+00
7.3651e-02 5.1505e-03 6.3516e-04 4.3964e-03 7.4230e-02 1.0000e+00
7.4903e-02 1.3760e-03 6.5738e-04 3.7575e-03 7.5479e-02 1.0000e+00
7.6156e-02 7.1172e-03 5.5094e-04 4.0405e-03 7.6844e-02 1.0000e+00
7.7409e-02 6.4952e-03 6.2092e-04 4.0975e-03 7.7992e-02 1.0000e+00
7.8661e-02 4.3066e-03 6.0114e-04 3.8681e-03 7.9258e-02 1.0000e+00
7.9914e-02 5.3094e-03 5.5236e-04 3.8686e-03 8.0551e-02 1.0000e+00
8.1167e-02 2.5295e-03 6.0068e-04 3.9355e-03 8.1799e-02 1.0000e+00
8.2419e-02 4.4022e-03 5.7593e-04 3.9195e-03 8.3035e-02 1.0000e+00
8.3672e-02 5.1911e-03 5.5396e-04 3.7028e-03 8.4315e-02 1.0000e+00
8.4925e-02 -5.6843e-04 6.2792e-04 3.9721e-03 8.5565e-02 1.0000e+00
8.6177e-02 4.6302e-04 5.5309e-04 3.8080e-03 8.6746e-02 1.0000e+00
8.7430e-02 3.5751e-03 5.7480e-04 3.6487e-03 8.8082e-02 1.0000e+00
8.8683e-02 6.1269e-03 5.8342e-04 3.8725e-03 8.9291e-02 1.0000e+00
8.9935e-02 3.5575e-03 5.4564e-04 3.6636e-03 9.0556e-02 1.0000e+00
9.1188e-02 5.9154e-03 5.4701e-04 3.7204e-03 9.1853e-02 1.0000e+00
9.2441e-02 1.5889e-04 5.9757e-04 3.8110e-03 9.2990e-02 1.0000e+00
9.3694e-02 3.6568e-03 5.3645e-04 3.5855e-03 9.4305e-02 1.0000e+00
9.4946e-02 2.8551e-03 5.5232e-04 3.8275e-03 9.5489e-02 1.0000e+00
9.6199e-02 4.8673e-03 5.7981e-04 3.4186e-03 9.6761e-02 1.0000e+00
9.7452e-02 -7.6700e-04 5.5155e-04 3.6537e-03 9.8123e-02 1.0000e+00
9.8704e-02 7.6311e-04 5.7147e-04 3.5747e-03 9.9304e-02 1.0000e+00
9.9957e-02 3.4077e-03 5.4632e-04 3.4778e-03 1.0063e-01 1.0000e+00
1.0121e-01 4.0772e-03 5.1767e-04 3.7849e-03 1.0184e-01 1.0000e+00
1.0246e-01 4.7996e-03 5.5293e-04 3.4213e-03 1.0303e-01 1.0000e+00
1.0372e-01 3.2391e-03 5.3014e-04 3.5525e-03 1.0433e-01 1.0000e+00
1.0497e-01 -1.6939e-03 5.5090e-04 3.4454e-03 1.0559e-01 1.0000e+00
1.0622e-01 2.8517e-03 5.7012e-04 3.4459e-03 1.0686e-01 1.0000e+00
1.0747e-01 9.0237e-04 5.0980e-04 3.4935e-03 1.0812e-01 1.0000e+00
1.0873e-01 2.4115e-03 5.3834e-04 3.4246e-03 1.0939e-01 1.0000e+00
1.0998e-01 4.1187e-03 5.2645e-04 3.4828e-03 1.1059e-01 1.0000e+00
1.1123e-01 5.6534e-03 4.9547e-04 3.3716e-03 1.1185e-01 1.0000e+00
1.1248e-01 2.0828e-03 5.1299e-04 3.5197e-03 1.1310e-01 1.0000e+00
1.1374e-01 -9.4971e-04 5.3650e-04 3.3207e-03 1.1427e-01 1.0000e+00
1.1499e-01 -7.2646e-04 5.1179e-04 3.2428e-03 1.1564e-01 1.0000e+00
1.1624e-01 4.6151e-04 5.2349e-04 3.5587e-03 1.1686e-01 1.0000e+00
1.1749e-01 -2.9200e-04 5.5286e-04 3.1887e-03 1.1807e-01 1.0000e+00
1.1875e-01 2.8189e-03 4.9184e-04 3.2834e-03 1.1944e-01 1.0000e+00
1.2000e-01 2.5871e-03 5.1014e-04 3.4881e-03 1.2058e-01 1.0000e+00
