Q, Struc, DelStruc, Q_Unc, Q_mean, Shadow
3.5000e-03 4.7191e+01 6.9723e-02 2.5882e-03 4.1925e-03 1.0000e+00
4.7527e-03 1.1598e+01 3.2750e-02 2.3278e-03 5.4526e-03 1.0000e+00
6.0054e-03 4.4949e+00 1.8149e-02 1.9906e-03 6.6801e-03 1.0000e+00
7.2581e-03 2.1304e+00 1.2431e-02 1.8646e-03 7.9265e-03 1.0000e+00
8.5108e-03 1.1808e+00 8.3795e-03 1.7104e-03 9.1639e-03 1.0000e+00
9.7634e-03 7.0146e-01 6.7377e-03 1.6170e-03 1.0409e-02 1.0000e+00
1.1016e-02 4.8562e-01 5.2176e-03 1.4994e-03 1.1670e-02 1.0000e+00
1.2269e-02 3.3593e-01 4.4450e-03 1.4517e-03 1.2927e-02 1.0000e+00
1.3522e-02 2.5352e-01 3.8464e-03 1.3684e-03 1.4178e-02 1.0000e+00
1.4774e-02 2.3407e-01 3.5062e-03 1.3351e-03 1.5422e-02 1.0000e+00
1.6027e-02 1.6178e-01 3.0648e-03 1.2723e-03 1.6657e-02 1.0000e+00
1.7280e-02 1.3480e-01 2.7962e-03 1.2250e-03 1.7905e-02 1.0000e+00
1.8532e-02 9.5759e-02 2.6839e-03 1.1782e-03 1.9162e-02 1.0000e+00
1.9785e-02 9.3036e-02 2.5164e-03 1.1465e-03 2.0420e-02 1.0000e+00
2.1038e-02 7.6039e-02 2.3111e-03 1.1098e-03 2.1677e-02 1.0000e+00
2.2290e-02 4.9854e-02 2.3061e-03 1.0816e-03 2.2936e-02 1.0000e+00
2.3543e-02 5.1742e-02 2.1235e-03 1.0538e-03 2.4189e-02 1.0000e+00
2.4796e-02 5.2439e-02 2.2036e-03 1.0252e-03 2.5446e-02 1.0000e+00
2.6048e-02 3.8589e-02 2.5045e-03 1.0788e-03 2.6667e-02 1.0000e+00
2.7301e-02 5.8582e-02 4.4902e-03 1.2275e-03 2.7912e-02 1.0000e+00
2.8554e-02 3.1705e-02 3.8072e-03 1.3374e-03 2.9142e-02 1.0000e+00
2.9806e-02 3.1069e-02 1.2715e-03 1.4575e-03 3.0430e-02 1.0000e+00
3.1059e-02 2.9669e-02 1.3306e-03 1.4573e-03 3.1684e-02 1.0000e+00
3.2312e-02 3.7694e-02 1.1271e-03 1.5272e-03 3.2935e-02 1.0000e+00
3.3565e-02 2.3402e-02 1.2433e-03 1.5371e-03 3.4188e-02 1.0000e+00
3.4817e-02 3.2394e-02 1.0983e-03 1.5851e-03 3.5428e-02 1.0000e+00
3.6070e-02 3.2614e-02 1.0465e-03 1.6051e-03 3.6679e-02 1.0000e+00
3.7323e-02 3.5955e-02 1.1470e-03 1.9127e-03 3.7893e-02 1.0000e+00
3.8575e-02 2.7164e-02 9.8776e-04 2.3093e-03 3.9207e-02 1.0000e+00
3.9828e-02 3.3695e-02 1.0965e-03 2.6237e-03 4.0410e-02 1.0000e+00
4.1081e-02 2.9705e-02 1.0075e-03 3.0615e-03 4.1704e-02 1.0000e+00
4.2333e-02 2.2840e-02 1.0312e-03 3.6858e-03 4.2984e-02 1.0000e+00
4.3586e-02 3.4318e-02 9.6618e-04 4.2071e-03 4.4112e-02 1.0000e+00
4.4839e-02 3.3847e-02 9.1511e-04 4.6284e-03 4.5510e-02 1.0000e+00
4.6091e-02 3.1513e-02 1.0583e-03 5.3431e-03 4.6674e-02 1.0000e+00
4.7344e-02 2.9631e-02 8.7967e-04 4.5370e-03 4.7894e-02 1.0000e+00
4.8597e-02 3.1580e-02 9.4816e-04 4.6468e-03 4.9286e-02 1.0000e+00
4.9849e-02 3.3437e-02 9.2336e-04 4.8592e-03 5.0443e-02 1.0000e+00
5.1102e-02 3.4294e-02 8.6529e-04 4.5383e-03 5.1748e-02 1.0000e+00
5.2355e-02 4.4394e-02 9.8273e-04 4.8281e-03 5.2963e-02 1.0000e+00
5.3608e-02 3.4736e-02 8.9640e-04 4.4619e-03 5.4166e-02 1.0000e+00
5.4860e-02 4.5226e-02 9.0518e-04 4.5663e-03 5.5473e-02 1.0000e+00
5.6113e-02 4.4808e-02 8.8917e-04 4.4135e-03 5.6743e-02 1.0000e+00
5.7366e-02 5.9578e-02 9.0324e-04 4.4385e-03 5.8016e-02 1.0000e+00
5.8618e-02 6.1616e-02 9.1140e-04 4.4390e-03 5.9274e-02 1.0000e+00
5.9871e-02 8.1729e-02 8.4347e-04 4.4894e-03 6.0524e-02 1.0000e+00
6.1124e-02 8.0280e-02 1.1023e-03 4.3914e-03 6.1686e-02 1.0000e+00
6.2376e-02 1.0777e-01 9.4424e-04 4.2338e-03 6.2984e-02 1.0000e+00
6.3629e-02 1.1459e-01 1.0322e-03 4.4656e-03 6.4229e-02 1.0000e+00
6.4882e-02 1.2807e-01 1.0729e-03 4.0925e-03 6.5444e-02 1.0000e+00
6.6134e-02 1.4309e-01 1.0308e-03 4.0930e-03 6.6842e-02 1.0000e+00
6.7387e-02 1.5169e-01 1.1870e-03 4.5183e-03 6.8012e-02 1.0000e+00
6.8640e-02 1.5730e-01 9.9120e-04 3.9305e-03 6.9257e-02 1.0000e+00
6.9892e-02 1.3286e-01 1.0809e-03 4.3025e-03 7.0586e-02 1.0000e+00
7.1145e-02 1.3784e-01 1.0628e-03 4.1744e-03 7.1689e-02 1.0000e+00
7.2398e-02 1.2724e-01 9.6374e-04 3.9150e-03 7.3028e-02 1.0000e+00
7.3651e-02 1.1320e-01 1.0303e-03 4.1756e-03 7.4287e-02 1.0000e+00
7.4903e-02 9.9070e-02 8.3441e-04 3.9159e-03 7.5517e-02 1.0000e+00
7.6156e-02 8.4547e-02 9.2455e-04 4.0039e-03 7.6838e-02 1.0000e+00
7.7409e-02 7.3122e-02 8.0222e-04 4.0975e-03 7.8019e-02 1.0000e+00
7.8661e-02 5.7691e-02 7.5976e-04 3.9519e-03 7.9233e-02 1.0000e+00
7.9914e-02 4.2674e-02 8.0387e-04 3.7897e-03 8.0527e-02 1.0000e+00
8.1167e-02 4.3128e-02 7.4342e-04 4.0239e-03 8.1788e-02 1.0000e+00
8.2419e-02 3.9566e-02 7.1145e-04 3.8377e-03 8.3008e-02 1.0000e+00
8.3672e-02 3.1638e-02 6.7676e-04 3.7028e-03 8.4317e-02 1.0000e+00
8.4925e-02 2.7747e-02 6.3762e-04 4.0819e-03 8.5549e-02 1.0000e+00
8.6177e-02 2.4574e-02 6.3313e-04 3.7184e-03 8.6725e-02 1.0000e+00
8.7430e-02 2.4516e-02 5.8096e-04 3.6086e-03 8.8103e-02 1.0000e+00
8.8683e-02 1.6070e-02 5.9519e-04 3.9565e-03 8.9312e-02 1.0000e+00
8.9935e-02 1.4963e-02 5.9591e-04 3.5838e-03 9.0570e-02 1.0000e+00
9.1188e-02 5.9312e-03 6.0913e-04 3.7498e-03 9.1894e-02 1.0000e+00
9.2441e-02 9.4848e-03 5.9998e-04 3.8421e-03 9.3014e-02 1.0000e+00
9.3694e-02 1.2636e-02 5.6786e-04 3.5727e-03 9.4313e-02 1.0000e+00
9.4946e-02 5.7617e-03 6.0574e-04 3.7223e-03 9.5554e-02 1.0000e+00
9.6199e-02 9.9803e-03 5.6705e-04 3.5738e-03 9.6767e-02 1.0000e+00
9.7452e-02 1.3761e-02 5.6801e-04 3.6003e-03 9.8095e-02 1.0000e+00
9.8704e-02 8.7581e-03 5.7114e-04 3.6676e-03 9.9282e-02 1.0000e+00
9.9957e-02 9.4092e-03 5.5294e-04 3.4205e-03 1.0058e-01 1.0000e+00
1.0121e-01 7.6195e-03 5.7477e-04 3.6286e-03 1.0187e-01 1.0000e+00
1.0246e-01 1.4119e-02 5.6024e-04 3.5766e-03 1.0306e-01 1.0000e+00
1.0372e-01 1.7046e-02 5.7096e-04 3.5526e-03 1.0429e-01 1.0000e+00
1.0497e-01 1.5270e-02 5.6992e-04 3.4228e-03 1.0556e-01 1.0000e+00
1.0622e-01 1.5377e-02 5.2898e-04 3.4805e-03 1.0683e-01 1.0000e+00
1.0747e-01 1.2022e-02 5.5089e-04 3.4132e-03 1.0810e-01 1.0000e+00
1.0873e-01 1.8314e-02 5.3169e-04 3.3808e-03 1.0942e-01 1.0000e+00
1.0998e-01 1.4620e-02 5.5825e-04 3.5681e-03 1.1062e-01 1.0000e+00
1.1123e-01 1.5264e-02 5.4513e-04 3.3610e-03 1.1184e-01 1.0000e+00
1.1248e-01 1.4880e-02 5.3017e-04 3.5079e-03 1.1311e-01 1.0000e+00
1.1374e-01 1.3485e-02 5.4186e-04 3.3620e-03 1.1426e-01 1.0000e+00
1.1499e-01 1.5793e-02 5.2427e-04 3.2428e-03 1.1561e-01 1.0000e+00
1.1624e-01 1.3691e-02 5.4977e-04 3.4513e-03 1.1688e-01 1.0000e+00
1.1749e-01 1.2145e-02 5.3157e-04 3.2826e-03 1.1807e-01 1.0000e+00
1.1875e-01 1.3838e-02 5.0878e-04 3.2736e-03 1.1941e-01 1.0000e+00
1.2000e-01 1.4110e-02 4.9299e-04 3.4762e-03 1.2058e-01 1.0000e+00
