3.5000e-03 8.7183e-03 1.5414e-02 2.5882e-03 4.1925e-03 1.0000e+00
4.7527e-03 1.9894e-01 9.2626e-03 2.3278e-03 5.4526e-03 1.0000e+00
6.0054e-03 2.9069e-01 6.4157e-03 1.9906e-03 6.6801e-03 1.0000e+00
7.2581e-03 2.4605e-01 5.5176e-03 1.8646e-03 7.9265e-03 1.0000e+00
8.5108e-03 2.5090e-01 5.1560e-03 1.7104e-03 9.1639e-03 1.0000e+00
9.7634e-03 2.5406e-01 4.4881e-03 1.6170e-03 1.0409e-02 1.0000e+00
1.1016e-02 2.4398e-01 4.1880e-03 1.4994e-03 1.1670e-02 1.0000e+00
1.2269e-02 2.1746e-01 3.8890e-03 1.4517e-03 1.2927e-02 1.0000e+00
1.3522e-02 2.3472e-01 3.7606e-03 1.3684e-03 1.4178e-02 1.0000e+00
1.4774e-02 2.1697e-01 3.4530e-03 1.3351e-03 1.5422e-02 1.0000e+00
1.6027e-02 1.7670e-01 3.4687e-03 1.2723e-03 1.6657e-02 1.0000e+00
1.7280e-02 1.8130e-01 3.1531e-03 1.2250e-03 1.7905e-02 1.0000e+00
1.8532e-02 1.7992e-01 3.1147e-03 1.1782e-03 1.9162e-02 1.0000e+00
1.9785e-02 1.7885e-01 2.8718e-03 1.1465e-03 2.0420e-02 1.0000e+00
2.1038e-02 1.5473e-01 2.8700e-03 1.1098e-03 2.1677e-02 1.0000e+00
2.2290e-02 1.4204e-01 2.6267e-03 1.0816e-03 2.2936e-02 1.0000e+00
2.3543e-02 1.4928e-01 2.5204e-03 1.0538e-03 2.4189e-02 1.0000e+00
2.4796e-02 1.1866e-01 2.7692e-03 1.0252e-03 2.5446e-02 1.0000e+00
2.6048e-02 1.2695e-01 2.8589e-03 1.0788e-03 2.6667e-02 1.0000e+00
2.7301e-02 1.1246e-01 3.7068e-03 1.2275e-03 2.7912e-02 1.0000e+00
2.8554e-02 1.0237e-01 3.2031e-03 1.3374e-03 2.9142e-02 1.0000e+00
2.9806e-02 7.9146e-02 1.9613e-03 1.4575e-03 3.0430e-02 1.0000e+00
3.1059e-02 9.2893e-02 1.8352e-03 1.4573e-03 3.1684e-02 1.0000e+00
3.2312e-02 8.8548e-02 1.7851e-03 1.5272e-03 3.2935e-02 1.0000e+00
3.3565e-02 5.4132e-02 1.8658e-03 1.5371e-03 3.4188e-02 1.0000e+00
3.4817e-02 6.6822e-02 1.7935e-03 1.5851e-03 3.5428e-02 1.0000e+00
3.6070e-02 5.6393e-02 1.9019e-03 1.6051e-03 3.6679e-02 1.0000e+00
3.7323e-02 5.7145e-02 2.2734e-03 1.9127e-03 3.7893e-02 1.0000e+00
3.8575e-02 6.2488e-02 2.0095e-03 2.3093e-03 3.9207e-02 1.0000e+00
3.9828e-02 3.6062e-02 1.2441e-03 2.6237e-03 4.0410e-02 1.0000e+00
4.1081e-02 4.3631e-02 9.4003e-04 3.0615e-03 4.1704e-02 1.0000e+00
4.2333e-02 3.3974e-02 1.0254e-03 3.6858e-03 4.2984e-02 1.0000e+00
4.3586e-02 3.7678e-02 9.2214e-04 4.2071e-03 4.4112e-02 1.0000e+00
4.4839e-02 3.2368e-02 8.5995e-04 4.6284e-03 4.5510e-02 1.0000e+00
4.6091e-02 3.6331e-02 8.9951e-04 5.3431e-03 4.6674e-02 1.0000e+00
4.7344e-02 2.1552e-02 8.7060e-04 4.5370e-03 4.7894e-02 1.0000e+00
4.8597e-02 2.2902e-02 8.6072e-04 4.6468e-03 4.9286e-02 1.0000e+00
4.9849e-02 2.2436e-02 9.3972e-04 4.8592e-03 5.0443e-02 1.0000e+00
5.1102e-02 1.9307e-02 7.2607e-04 4.5383e-03 5.1748e-02 1.0000e+00
5.2355e-02 1.5860e-02 8.0710e-04 4.8281e-03 5.2963e-02 1.0000e+00
5.3608e-02 1.5720e-02 8.6168e-04 4.4619e-03 5.4166e-02 1.0000e+00
5.4860e-02 1.6893e-02 6.8821e-04 4.5663e-03 5.5473e-02 1.0000e+00
5.6113e-02 1.7734e-02 7.2254e-04 4.4135e-03 5.6743e-02 1.0000e+00
5.7366e-02 1.2348e-02 7.6738e-04 4.4385e-03 5.8016e-02 1.0000e+00
5.8618e-02 1.8512e-02 6.5455e-04 4.4390e-03 5.9274e-02 1.0000e+00
5.9871e-02 1.1406e-02 7.1857e-04 4.4894e-03 6.0524e-02 1.0000e+00
6.1124e-02 1.3060e-02 6.6978e-04 4.3914e-03 6.1686e-02 1.0000e+00
6.2376e-02 1.2295e-02 6.8439e-04 4.2338e-03 6.2984e-02 1.0000e+00
6.3629e-02 1.3324e-02 6.8567e-04 4.4656e-03 6.4229e-02 1.0000e+00
6.4882e-02 3.9111e-03 7.0636e-04 4.0925e-03 6.5444e-02 1.0000e+00
6.6134e-02 7.0978e-03 6.9384e-04 4.0930e-03 6.6842e-02 1.0000e+00
6.7387e-02 9.6550e-03 7.1972e-04 4.5183e-03 6.8012e-02 1.0000e+00
6.8640e-02 5.8743e-03 6.1775e-04 3.9305e-03 6.9257e-02 1.0000e+00
6.9892e-02 6.0859e-03 6.4616e-04 4.3025e-03 7.0586e-02 1.0000e+00
7.1145e-02 1.0246e-02 6.7061e-04 4.1744e-03 7.1689e-02 1.0000e+00
7.2398e-02 1.0147e-02 5.8933e-04 3.9150e-03 7.3028e-02 1.0000e+00
7.3651e-02 4.4135e-03 6.2522e-04 4.1756e-03 7.4287e-02 1.0000e+00
7.4903e-02 2.4425e-03 6.8012e-04 3.9159e-03 7.5517e-02 1.0000e+00
7.6156e-02 9.1076e-03 5.6983e-04 4.0039e-03 7.6838e-02 1.0000e+00
7.7409e-02 6.9430e-03 6.2193e-04 4.0975e-03 7.8019e-02 1.0000e+00
7.8661e-02 5.5575e-03 6.1854e-04 3.9519e-03 7.9233e-02 1.0000e+00
7.9914e-02 5.3731e-03 5.6697e-04 3.7897e-03 8.0527e-02 1.0000e+00
8.1167e-02 4.2987e-03 6.2497e-04 4.0239e-03 8.1788e-02 1.0000e+00
8.2419e-02 4.9111e-03 5.8489e-04 3.8377e-03 8.3008e-02 1.0000e+00
8.3672e-02 5.3047e-03 5.6545e-04 3.7028e-03 8.4317e-02 1.0000e+00
8.4925e-02 4.4071e-03 6.5997e-04 4.0819e-03 8.5549e-02 1.0000e+00
8.6177e-02 3.3988e-03 5.6966e-04 3.7184e-03 8.6725e-02 1.0000e+00
8.7430e-02 3.2203e-03 5.8018e-04 3.6086e-03 8.8103e-02 1.0000e+00
8.8683e-02 7.2235e-03 6.0193e-04 3.9565e-03 8.9312e-02 1.0000e+00
8.9935e-02 5.5198e-03 5.5838e-04 3.5838e-03 9.0570e-02 1.0000e+00
9.1188e-02 6.4991e-03 5.5773e-04 3.7498e-03 9.1894e-02 1.0000e+00
9.2441e-02 4.4373e-04 6.1286e-04 3.8421e-03 9.3014e-02 1.0000e+00
9.3694e-02 5.0385e-03 5.4547e-04 3.5727e-03 9.4313e-02 1.0000e+00
9.4946e-02 5.2614e-03 5.7132e-04 3.7223e-03 9.5554e-02 1.0000e+00
9.6199e-02 6.0736e-03 5.9560e-04 3.5738e-03 9.6767e-02 1.0000e+00
9.7452e-02 9.8928e-04 5.6198e-04 3.6003e-03 9.8095e-02 1.0000e+00
9.8704e-02 2.7536e-03 5.9631e-04 3.6676e-03 9.9282e-02 1.0000e+00
9.9957e-02 2.2232e-03 5.5120e-04 3.4205e-03 1.0058e-01 1.0000e+00
1.0121e-01 5.2067e-03 5.2622e-04 3.6286e-03 1.0187e-01 1.0000e+00
1.0246e-01 4.4574e-03 5.6865e-04 3.5766e-03 1.0306e-01 1.0000e+00
1.0372e-01 4.3562e-03 5.3992e-04 3.5526e-03 1.0429e-01 1.0000e+00
1.0497e-01 -2.2134e-04 5.6209e-04 3.4228e-03 1.0556e-01 1.0000e+00
1.0622e-01 3.2757e-03 5.8258e-04 3.4805e-03 1.0683e-01 1.0000e+00
1.0747e-01 2.8761e-03 5.1823e-04 3.4132e-03 1.0810e-01 1.0000e+00
1.0873e-01 3.6476e-03 5.4730e-04 3.3808e-03 1.0942e-01 1.0000e+00
1.0998e-01 8.5435e-03 5.4960e-04 3.5681e-03 1.1062e-01 1.0000e+00
1.1123e-01 5.5061e-03 5.0204e-04 3.3610e-03 1.1184e-01 1.0000e+00
1.1248e-01 4.5409e-03 5.2478e-04 3.5079e-03 1.1311e-01 1.0000e+00
1.1374e-01 6.0297e-04 5.5313e-04 3.3620e-03 1.1426e-01 1.0000e+00
1.1499e-01 5.9690e-04 5.2314e-04 3.2428e-03 1.1561e-01 1.0000e+00
1.1624e-01 2.3801e-03 5.3196e-04 3.4513e-03 1.1688e-01 1.0000e+00
1.1749e-01 -2.5557e-04 5.6295e-04 3.2826e-03 1.1807e-01 1.0000e+00
1.1875e-01 1.9560e-03 4.9646e-04 3.2736e-03 1.1941e-01 1.0000e+00
1.2000e-01 4.4525e-03 5.2716e-04 3.4762e-03 1.2058e-01 1.0000e+00
