Q, Struc, DelStruc, M_Perp, DelM_Perp, M_Parl_NSF, DelM_Parl_NSF, M_Parl_NSFVert, DelM_Parl_NSFVert, M_Parl_SF, DelM_Parl_SF, Q_Unc, Q_mean, Shadow
3.5000e-03 4.7166e+01 7.1932e-02 1.1344e-01 1.5406e-02 8.7728e-02 4.4812e-03 5.8298e-02 2.9779e-03 -9.0511e-02 1.7222e-02 2.6878e-03 4.1795e-03 1.0000e+00
4.7527e-03 1.1338e+01 3.3353e-02 2.1160e-01 8.4474e-03 1.4508e-02 1.3369e-03 1.3724e-02 1.2647e-03 2.0550e-01 9.3421e-03 2.2466e-03 5.4397e-03 1.0000e+00
6.0054e-03 4.6100e+00 1.8216e-02 2.6149e-01 6.0258e-03 5.5998e-03 7.3612e-04 5.2832e-03 6.9452e-04 1.8810e-01 6.8951e-03 2.0123e-03 6.6902e-03 1.0000e+00
7.2581e-03 1.9935e+00 1.2264e-02 2.2848e-01 5.2373e-03 6.4230e-03 7.4317e-04 5.3240e-03 6.1604e-04 1.8488e-01 5.8814e-03 1.8473e-03 7.9324e-03 1.0000e+00
8.5108e-03 1.2517e+00 8.6532e-03 2.2183e-01 4.9078e-03 2.7233e-04 1.3443e-04 2.6559e-04 1.3110e-04 1.9397e-01 5.5040e-03 1.7311e-03 9.1688e-03 1.0000e+00
9.7634e-03 6.9537e-01 6.7331e-03 2.1618e-01 4.2818e-03 1.6034e-03 3.2186e-04 1.3775e-03 2.7653e-04 1.6274e-01 4.8001e-03 1.6169e-03 1.0401e-02 1.0000e+00
1.1016e-02 4.9908e-01 5.2820e-03 2.0752e-01 4.0442e-03 3.7519e-04 1.4578e-04 3.4244e-04 1.3305e-04 1.7221e-01 4.5129e-03 1.5133e-03 1.1649e-02 1.0000e+00
1.2269e-02 3.0543e-01 4.3104e-03 1.9922e-01 3.8371e-03 3.7556e-05 5.0728e-05 2.6841e-05 3.6255e-05 1.6942e-01 4.2897e-03 1.4475e-03 1.2903e-02 1.0000e+00
1.3522e-02 2.6790e-01 3.8658e-03 1.8095e-01 3.5383e-03 2.2912e-03 3.6011e-04 2.0946e-03 3.2927e-04 1.2432e-01 4.0164e-03 1.3684e-03 1.4159e-02 1.0000e+00
1.4774e-02 1.9490e-01 3.3786e-03 1.8310e-01 3.2603e-03 8.9928e-04 2.2678e-04 6.8735e-04 1.7334e-04 1.6754e-01 3.6632e-03 1.3100e-03 1.5429e-02 1.0000e+00
1.6027e-02 1.6690e-01 3.0188e-03 1.4638e-01 3.3077e-03 8.7569e-07 6.9582e-06 7.1799e-07 5.7052e-06 1.4901e-01 3.6872e-03 1.2751e-03 1.6683e-02 1.0000e+00
1.7280e-02 1.2937e-01 2.7572e-03 1.5455e-01 3.0510e-03 3.6133e-04 1.3932e-04 2.5015e-04 9.6450e-05 1.2491e-01 3.4505e-03 1.2201e-03 1.7933e-02 1.0000e+00
1.8532e-02 9.6654e-02 2.6367e-03 1.4824e-01 3.0022e-03 1.0074e-04 8.2275e-05 6.4453e-05 5.2641e-05 1.2114e-01 3.3823e-03 1.1941e-03 1.9176e-02 1.0000e+00
1.9785e-02 9.3364e-02 2.4891e-03 1.5131e-01 2.7538e-03 3.2519e-04 1.3305e-04 2.5523e-04 1.0443e-04 1.3115e-01 3.1116e-03 1.1465e-03 2.0419e-02 1.0000e+00
2.1038e-02 8.2538e-02 2.2705e-03 1.2856e-01 2.7378e-03 1.2234e-05 2.6974e-05 1.0256e-05 2.2612e-05 1.2095e-01 3.0545e-03 1.1062e-03 2.1678e-02 1.0000e+00
2.2290e-02 4.3491e-02 2.2422e-03 1.3535e-01 2.5595e-03 4.1595e-03 6.3565e-04 1.8233e-03 2.7795e-04 8.0629e-02 2.9306e-03 1.0799e-03 2.2942e-02 1.0000e+00
2.3543e-02 5.5402e-02 2.1039e-03 1.3269e-01 2.4406e-03 7.5408e-04 2.1991e-04 4.9089e-04 1.4313e-04 1.0104e-01 2.7494e-03 1.0602e-03 2.4192e-02 1.0000e+00
2.4796e-02 3.9014e-02 2.1192e-03 1.0011e-01 2.6913e-03 2.7102e-04 1.5054e-04 1.1604e-04 6.4438e-05 1.0173e-01 2.9741e-03 1.0237e-03 2.5443e-02 1.0000e+00
2.6048e-02 2.8625e-02 2.4004e-03 9.8273e-02 2.7425e-03 4.5730e-06 2.2809e-05 2.0522e-06 1.0236e-05 8.1057e-02 3.0028e-03 1.0771e-03 2.6664e-02 1.0000e+00
2.7301e-02 2.5127e-02 3.9593e-03 1.0189e-01 3.6064e-03 2.2715e-04 1.6651e-04 8.5345e-05 6.2476e-05 7.7995e-02 3.7980e-03 1.2094e-03 2.7929e-02 1.0000e+00
2.8554e-02 2.9478e-02 3.7942e-03 9.6869e-02 3.1641e-03 1.7459e-05 4.0308e-05 8.4734e-06 1.9562e-05 7.9450e-02 3.3812e-03 1.3523e-03 2.9162e-02 1.0000e+00
2.9806e-02 3.7556e-02 1.2906e-03 7.0349e-02 1.8948e-03 6.8204e-04 2.1488e-04 4.4069e-04 1.3886e-04 7.0958e-02 2.2533e-03 1.4858e-03 3.0427e-02 1.0000e+00
3.1059e-02 3.5847e-02 1.3552e-03 8.0416e-02 1.7453e-03 3.1852e-05 4.4906e-05 1.8816e-05 2.6527e-05 5.8179e-02 2.1457e-03 1.4573e-03 3.1659e-02 1.0000e+00
3.2312e-02 4.2340e-02 1.1187e-03 7.3096e-02 1.6907e-03 5.2829e-05 5.3399e-05 4.6560e-05 4.7064e-05 4.3152e-02 2.1016e-03 1.5191e-03 3.2923e-02 1.0000e+00
3.3565e-02 2.4127e-02 1.2051e-03 5.3534e-02 1.8016e-03 8.3906e-05 8.5698e-05 3.7950e-05 3.8760e-05 5.7741e-02 2.1692e-03 1.5365e-03 3.4182e-02 1.0000e+00
3.4817e-02 3.0145e-02 1.1014e-03 5.8006e-02 1.7235e-03 1.4630e-04 9.4635e-05 1.1931e-04 7.7181e-05 4.2521e-02 2.1638e-03 1.5568e-03 3.5434e-02 1.0000e+00
3.6070e-02 3.3387e-02 1.0434e-03 5.3053e-02 1.8657e-03 6.1161e-07 6.4465e-06 5.4399e-07 5.7337e-06 2.9110e-02 2.2897e-03 1.6053e-03 3.6700e-02 1.0000e+00
3.7323e-02 2.5276e-02 1.0860e-03 4.7982e-02 2.1733e-03 5.3353e-04 3.1480e-04 5.3879e-04 3.1828e-04 4.1147e-02 2.5507e-03 1.9938e-03 3.7913e-02 1.0000e+00
3.8575e-02 2.9467e-02 1.0007e-03 2.8767e-02 3.4901e-03 7.9139e-05 2.8039e-04 3.8591e-05 1.3673e-04 5.5040e-02 3.7091e-03 2.2862e-03 3.9193e-02 1.0000e+00
3.9828e-02 3.9006e-02 1.1180e-03 3.4039e-02 1.1872e-03 4.3050e-04 9.7381e-05 3.1203e-04 7.0574e-05 2.9311e-02 1.8165e-03 2.7142e-03 4.0403e-02 1.0000e+00
4.1081e-02 2.6405e-02 9.9030e-04 3.5003e-02 9.0500e-04 3.1754e-04 8.8103e-05 1.9743e-04 5.4764e-05 4.1953e-02 1.6800e-03 3.0835e-03 4.1717e-02 1.0000e+00
4.2333e-02 2.5713e-02 1.0361e-03 3.1796e-02 1.0107e-03 2.3333e-05 3.0462e-05 1.6638e-05 2.1721e-05 2.7857e-02 1.9503e-03 3.7596e-03 4.2968e-02 1.0000e+00
4.3586e-02 3.6611e-02 9.6937e-04 3.5614e-02 8.9692e-04 5.1793e-05 3.1010e-05 5.3271e-05 3.1896e-05 2.2699e-02 1.6213e-03 4.2071e-03 4.4125e-02 1.0000e+00
4.4839e-02 3.2756e-02 9.0661e-04 2.7996e-02 8.4476e-04 3.3023e-05 2.5933e-05 2.8743e-05 2.2572e-05 3.8150e-02 1.0539e-03 4.7093e-03 4.5536e-02 1.0000e+00
4.6091e-02 2.9694e-02 1.0407e-03 3.7887e-02 8.8110e-04 4.0248e-06 1.0888e-05 3.7414e-06 1.0121e-05 1.5676e-02 1.0384e-03 5.3431e-03 4.6669e-02 1.0000e+00
4.7344e-02 2.9087e-02 8.7342e-04 1.9884e-02 8.5587e-04 1.6571e-04 5.8897e-05 1.3500e-04 4.7984e-05 2.3551e-02 9.8236e-04 4.4852e-03 4.7932e-02 1.0000e+00
4.8597e-02 3.6240e-02 9.6272e-04 1.9820e-02 8.3804e-04 2.7873e-04 6.7515e-05 3.1223e-04 7.5646e-05 2.9892e-02 9.4773e-04 4.6754e-03 4.9324e-02 1.0000e+00
4.9849e-02 3.4350e-02 9.1071e-04 2.1738e-02 9.2007e-04 1.1607e-04 5.5479e-05 1.0007e-04 4.7834e-05 1.6771e-02 1.0324e-03 4.8271e-03 5.0477e-02 1.0000e+00
5.1102e-02 3.3910e-02 8.7958e-04 1.9849e-02 7.2373e-04 3.9415e-05 2.3998e-05 3.2777e-05 1.9957e-05 1.9077e-02 8.4271e-04 4.6196e-03 5.1779e-02 1.0000e+00
5.2355e-02 4.3267e-02 9.2547e-04 1.2486e-02 7.7679e-04 4.7090e-06 8.5853e-06 4.3828e-06 7.9906e-06 1.5547e-02 8.8170e-04 4.7966e-03 5.2970e-02 1.0000e+00
5.3608e-02 3.7938e-02 9.0168e-04 1.3808e-02 8.4153e-04 7.3876e-05 3.6837e-05 6.2163e-05 3.0997e-05 1.8904e-02 9.3996e-04 4.4619e-03 5.4180e-02 1.0000e+00
5.4860e-02 4.3125e-02 9.0753e-04 1.5073e-02 6.7158e-04 2.2374e-05 1.7090e-05 2.1639e-05 1.6529e-05 1.2959e-02 7.9787e-04 4.5663e-03 5.5503e-02 1.0000e+00
5.6113e-02 4.2102e-02 8.6951e-04 1.9357e-02 7.3295e-04 1.1718e-04 4.7968e-05 1.0183e-04 4.1689e-05 1.4057e-02 8.3225e-04 4.5399e-03 5.6719e-02 1.0000e+00
5.7366e-02 5.4117e-02 8.9405e-04 9.3082e-03 7.4266e-04 6.9984e-06 8.6526e-06 8.1008e-06 1.0016e-05 1.4856e-03 8.5884e-04 4.3663e-03 5.7993e-02 1.0000e+00
5.8618e-02 6.2323e-02 9.1064e-04 1.5400e-02 6.3218e-04 1.3131e-04 3.5623e-05 1.4454e-04 3.9215e-05 7.2328e-03 7.5533e-04 4.4390e-03 5.9273e-02 1.0000e+00
5.9871e-02 7.8500e-02 8.3279e-04 9.3932e-03 6.8258e-04 2.6780e-05 1.6410e-05 3.4925e-05 2.1402e-05 9.4556e-03 7.8065e-04 4.4393e-03 6.0516e-02 1.0000e+00
6.1124e-02 8.5129e-02 1.1456e-03 1.3319e-02 6.6306e-04 3.2334e-04 4.9787e-05 3.5802e-04 5.5130e-05 9.1417e-03 7.5770e-04 4.4400e-03 6.1705e-02 1.0000e+00
6.2376e-02 1.0627e-01 9.2951e-04 1.2611e-02 6.7532e-04 9.6682e-06 8.1457e-06 1.0806e-05 9.1041e-06 6.4085e-03 7.7230e-04 4.2337e-03 6.2973e-02 1.0000e+00
6.3629e-02 1.1611e-01 1.0373e-03 9.8438e-03 6.4982e-04 9.7127e-05 2.8950e-05 1.0947e-04 3.2631e-05 3.7042e-03 7.4600e-04 4.3686e-03 6.4235e-02 1.0000e+00
6.4882e-02 1.1946e-01 1.0534e-03 2.7755e-03 6.9166e-04 1.5333e-04 3.2663e-05 1.6294e-04 3.4713e-05 7.0514e-03 7.8266e-04 4.1517e-03 6.5470e-02 1.0000e+00
6.6134e-02 1.3300e-01 1.0232e-03 4.5271e-03 6.7945e-04 1.2105e-04 3.0049e-05 1.1378e-04 2.8243e-05 8.0261e-03 7.6403e-04 4.1522e-03 6.6830e-02 1.0000e+00
6.7387e-02 1.4773e-01 1.1546e-03 9.1052e-03 6.8874e-04 3.3488e-04 5.1280e-05 3.3999e-04 5.2066e-05 1.4333e-03 7.7811e-04 4.4424e-03 6.7985e-02 1.0000e+00
6.8640e-02 1.4711e-01 9.6116e-04 6.9767e-03 6.0661e-04 1.3029e-04 2.6566e-05 1.3338e-04 2.7197e-05 2.0092e-03 7.0067e-04 3.8968e-03 6.9279e-02 1.0000e+00
6.9892e-02 1.3585e-01 1.1094e-03 4.3276e-03 6.3352e-04 3.5990e-04 5.3211e-05 3.3250e-04 4.9161e-05 -3.7997e-04 7.2893e-04 4.4685e-03 7.0573e-02 1.0000e+00
7.1145e-02 1.2512e-01 1.0126e-03 1.0187e-02 6.5089e-04 7.9644e-04 7.9664e-05 7.2001e-04 7.2028e-05 1.2114e-04 7.3376e-04 4.0197e-03 7.1683e-02 1.0000e+00
7.2398e-02 1.1815e-01 9.6721e-04 9.6077e-03 5.7585e-04 3.3477e-04 4.4989e-05 3.0888e-04 4.1511e-05 -1.4471e-03 6.7109e-04 3.9493e-03 7.3068e-02 1.0000e+00
7.3651e-02 1.1044e-01 1.0062e-03 5.1505e-03 6.3516e-04 1.7255e-05 1.3066e-05 1.6617e-05 1.2583e-05 -2.0393e-03 7.2980e-04 4.3964e-03 7.4230e-02 1.0000e+00
7.4903e-02 1.0065e-01 8.4515e-04 1.3760e-03 6.5738e-04 2.4896e-04 3.9665e-05 2.3065e-04 3.6749e-05 7.6108e-03 7.2852e-04 3.7575e-03 7.5479e-02 1.0000e+00
7.6156e-02 8.7574e-02 9.3247e-04 7.1172e-03 5.5094e-04 1.7080e-04 3.2969e-05 1.6185e-04 3.1243e-05 1.7912e-03 6.3404e-04 4.0405e-03 7.6844e-02 1.0000e+00
7.7409e-02 7.0043e-02 7.9293e-04 6.4952e-03 6.2092e-04 1.4630e-04 4.1334e-05 1.2182e-04 3.4418e-05 5.3658e-03 6.9056e-04 4.0975e-03 7.7992e-02 1.0000e+00
7.8661e-02 5.7658e-02 7.5723e-04 4.3066e-03 6.0114e-04 1.4520e-04 3.4624e-05 1.2596e-04 3.0037e-05 -9.9882e-04 6.7580e-04 3.8681e-03 7.9258e-02 1.0000e+00
7.9914e-02 4.3686e-02 8.0365e-04 5.3094e-03 5.5236e-04 1.2971e-04 3.3669e-05 1.2869e-04 3.3406e-05 -1.9257e-03 6.3754e-04 3.8686e-03 8.0551e-02 1.0000e+00
8.1167e-02 3.7108e-02 7.2060e-04 2.5295e-03 6.0068e-04 1.2196e-04 4.1027e-05 1.0197e-04 3.4303e-05 2.4319e-03 6.7327e-04 3.9355e-03 8.1799e-02 1.0000e+00
8.2419e-02 3.7340e-02 7.1553e-04 4.4022e-03 5.7593e-04 2.4569e-05 1.4281e-05 2.5202e-05 1.4649e-05 1.3176e-03 6.5476e-04 3.9195e-03 8.3035e-02 1.0000e+00
8.3672e-02 2.6448e-02 6.5480e-04 5.1911e-03 5.5396e-04 1.1916e-04 3.6815e-05 1.2573e-04 3.8848e-05 3.3628e-03 6.3438e-04 3.7028e-03 8.4315e-02 1.0000e+00
8.4925e-02 2.6388e-02 6.2234e-04 -5.6843e-04 6.2792e-04 6.3461e-05 2.9783e-05 7.2368e-05 3.3967e-05 -1.4680e-03 6.9934e-04 3.9721e-03 8.5565e-02 1.0000e+00
8.6177e-02 2.1511e-02 6.1169e-04 4.6302e-04 5.5309e-04 2.7102e-05 1.8228e-05 1.9339e-05 1.3007e-05 -5.6695e-04 6.2767e-04 3.8080e-03 8.6746e-02 1.0000e+00
8.7430e-02 2.0457e-02 5.6749e-04 3.5751e-03 5.7480e-04 3.8049e-07 2.1916e-06 4.8308e-07 2.7825e-06 -5.7799e-04 6.4691e-04 3.6487e-03 8.8082e-02 1.0000e+00
8.8683e-02 1.6127e-02 6.0609e-04 6.1269e-03 5.8342e-04 1.2764e-06 4.8475e-06 1.4916e-06 5.6649e-06 3.8963e-03 6.4873e-04 3.8725e-03 8.9291e-02 1.0000e+00
8.9935e-02 1.1832e-02 5.7622e-04 3.5575e-03 5.4564e-04 2.4735e-05 2.1493e-05 2.6631e-05 2.3142e-05 -8.8765e-04 6.1945e-04 3.6636e-03 9.0556e-02 1.0000e+00
9.1188e-02 6.0847e-03 5.9555e-04 5.9154e-03 5.4701e-04 1.8873e-04 8.8679e-05 2.3595e-04 1.1105e-04 1.0246e-03 6.1064e-04 3.7204e-03 9.1853e-02 1.0000e+00
9.2441e-02 8.6360e-03 5.9062e-04 1.5889e-04 5.9757e-04 1.5794e-05 2.2059e-05 2.2991e-05 3.2116e-05 2.1916e-03 6.6815e-04 3.8110e-03 9.2990e-02 1.0000e+00
9.3694e-02 1.0183e-02 5.6644e-04 3.6568e-03 5.3645e-04 2.7371e-05 2.3068e-05 3.7380e-05 3.1510e-05 1.1786e-03 6.0285e-04 3.5855e-03 9.4305e-02 1.0000e+00
9.4946e-02 3.0266e-03 5.7977e-04 2.8551e-03 5.5232e-04 4.1280e-04 1.9481e-04 1.3300e-04 6.2498e-05 9.1516e-04 6.1672e-04 3.8275e-03 9.5489e-02 1.0000e+00
9.6199e-02 8.2690e-03 5.5476e-04 4.8673e-03 5.7981e-04 8.3263e-06 1.4913e-05 7.8362e-06 1.4035e-05 -4.5227e-03 6.5190e-04 3.4186e-03 9.6761e-02 1.0000e+00
9.7452e-02 1.0613e-02 5.5809e-04 -7.6700e-04 5.5155e-04 2.4750e-05 2.1670e-05 3.4956e-05 3.0611e-05 3.5005e-03 6.1224e-04 3.6537e-03 9.8123e-02 1.0000e+00
9.8704e-02 8.9207e-03 5.6041e-04 7.6311e-04 5.7147e-04 1.1221e-05 1.7472e-05 8.3197e-06 1.2954e-05 3.0469e-03 6.3006e-04 3.5747e-03 9.9304e-02 1.0000e+00
9.9957e-02 6.8362e-03 5.4271e-04 3.4077e-03 5.4632e-04 1.7013e-05 2.2674e-05 1.1170e-05 1.4886e-05 3.9931e-03 6.1517e-04 3.4778e-03 1.0063e-01 1.0000e+00
1.0121e-01 5.4334e-03 5.6846e-04 4.0772e-03 5.1767e-04 2.1573e-04 9.3349e-05 8.3601e-05 3.6123e-05 1.3382e-03 5.8515e-04 3.7849e-03 1.0184e-01 1.0000e+00
1.0246e-01 1.0279e-02 5.4278e-04 4.7996e-03 5.5293e-04 1.9144e-06 6.8145e-06 2.9729e-06 1.0583e-05 1.4183e-03 6.1012e-04 3.4213e-03 1.0303e-01 1.0000e+00
1.0372e-01 1.3637e-02 5.4911e-04 3.2391e-03 5.3014e-04 1.2913e-05 1.3170e-05 9.9849e-06 1.0183e-05 -2.8666e-03 6.0505e-04 3.5525e-03 1.0433e-01 1.0000e+00
1.0497e-01 1.1345e-02 5.4881e-04 -1.6939e-03 5.5090e-04 1.6926e-04 5.9082e-05 1.4195e-04 4.9553e-05 6.9158e-04 6.1402e-04 3.4454e-03 1.0559e-01 1.0000e+00
1.0622e-01 1.3642e-02 5.1831e-04 2.8517e-03 5.7012e-04 1.9019e-06 5.9435e-06 2.1709e-06 6.7841e-06 -7.9393e-04 6.2987e-04 3.4459e-03 1.0686e-01 1.0000e+00
1.0747e-01 1.1641e-02 5.5100e-04 9.0237e-04 5.0980e-04 8.1199e-08 1.1979e-06 1.1636e-07 1.7165e-06 5.6852e-04 5.7700e-04 3.4935e-03 1.0812e-01 1.0000e+00
1.0873e-01 1.4749e-02 5.1569e-04 2.4115e-03 5.3834e-04 1.7771e-06 5.2083e-06 1.5335e-06 4.4944e-06 3.5908e-03 6.0020e-04 3.4246e-03 1.0939e-01 1.0000e+00
1.0998e-01 1.1243e-02 5.4840e-04 4.1187e-03 5.2645e-04 6.3502e-07 3.6076e-06 7.3267e-07 4.1623e-06 4.1947e-03 5.8143e-04 3.4828e-03 1.1059e-01 1.0000e+00
1.1123e-01 1.3363e-02 5.3269e-04 5.6534e-03 4.9547e-04 7.9677e-05 3.3013e-05 6.0256e-05 2.4964e-05 1.8426e-03 5.5898e-04 3.3716e-03 1.1185e-01 1.0000e+00
1.1248e-01 1.5600e-02 5.2659e-04 2.0828e-03 5.1299e-04 6.4120e-06 1.0082e-05 7.2320e-06 1.1371e-05 1.1582e-03 5.7152e-04 3.5197e-03 1.1310e-01 1.0000e+00
1.1374e-01 1.1806e-02 5.3742e-04 -9.4971e-04 5.3650e-04 1.5144e-04 5.1795e-05 1.1231e-04 3.8409e-05 -3.0926e-04 5.9478e-04 3.3207e-03 1.1427e-01 1.0000e+00
1.1499e-01 1.1880e-02 5.0823e-04 -7.2646e-04 5.1179e-04 3.9593e-04 7.7684e-05 4.3532e-04 8.5501e-05 4.0405e-03 5.6797e-04 3.2428e-03 1.1564e-01 1.0000e+00
1.1624e-01 1.0893e-02 5.3177e-04 4.6151e-04 5.2349e-04 2.4538e-04 7.7499e-05 2.2573e-04 7.1323e-05 4.6142e-03 5.7956e-04 3.5587e-03 1.1686e-01 1.0000e+00
1.1749e-01 1.1119e-02 5.2179e-04 -2.9200e-04 5.5286e-04 1.8554e-05 1.7579e-05 1.3631e-05 1.2915e-05 -2.1568e-03 6.0734e-04 3.1887e-03 1.1807e-01 1.0000e+00
1.1875e-01 1.2353e-02 4.9987e-04 2.8189e-03 4.9184e-04 9.7649e-05 3.9560e-05 8.4018e-05 3.4040e-05 6.6902e-04 5.4857e-04 3.2834e-03 1.1944e-01 1.0000e+00
1.2000e-01 1.7237e-02 5.0291e-04 2.5871e-03 5.1014e-04 5.4503e-07 2.8000e-06 1.0713e-06 5.5035e-06 -1.1469e-03 5.7064e-04 3.4881e-03 1.2058e-01 1.0000e+00
