Q, Struc, DelStruc, M_Parl_Sub, DelM_Parl_Sub, Q_Unc, Q_mean, Shadow
3.5000e-03 6.9771e+09 1.2869e+09 -7.0455e+09 1.2869e+09 2.1734e-03 4.1973e-03 1.0000e+00
4.7527e-03 3.1989e+08 2.7690e+08 -3.8663e+08 2.7690e+08 1.8219e-03 5.4271e-03 1.0000e+00
6.0054e-03 -7.1704e+07 3.0782e-02 4.8656e+06 4.5725e-02 1.6400e-03 6.6667e-03 1.0000e+00
7.2581e-03 4.6541e+08 2.6852e+08 -1.7164e+08 3.4009e+08 1.4855e-03 7.9207e-03 1.0000e+00
8.5108e-03 3.3667e+09 6.2777e+08 -3.2161e+09 6.4651e+08 1.4115e-03 9.1631e-03 1.0000e+00
9.7634e-03 4.2359e+09 6.4939e+08 -3.9286e+09 6.7605e+08 1.3094e-03 1.0396e-02 1.0000e+00
1.1016e-02 1.8080e+09 4.0075e+08 -1.6158e+09 4.2815e+08 1.2243e-03 1.1657e-02 1.0000e+00
1.2269e-02 4.6751e+08 2.0382e+08 -3.8010e+08 2.3197e+08 1.1731e-03 1.2921e-02 1.0000e+00
1.3522e-02 4.3433e+08 1.9127e+08 -3.5446e+08 2.1843e+08 1.1259e-03 1.4167e-02 1.0000e+00
1.4774e-02 1.9688e+08 1.3426e+08 -2.0221e+08 1.4890e+08 1.0788e-03 1.5410e-02 1.0000e+00
1.6027e-02 6.0838e+08 2.0507e+08 -4.9739e+08 2.3009e+08 1.0313e-03 1.6660e-02 1.0000e+00
1.7280e-02 3.7584e+08 1.5823e+08 -2.7381e+08 1.8679e+08 9.9887e-04 1.7915e-02 1.0000e+00
1.8532e-02 4.0894e+08 1.6020e+08 -2.1754e+08 2.1216e+08 9.6323e-04 1.9166e-02 1.0000e+00
1.9785e-02 2.7819e+08 1.3226e+08 1.9319e+08 2.2194e+08 9.3338e-04 2.0422e-02 1.0000e+00
2.1038e-02 2.6058e+08 1.2558e+08 -1.9113e+08 1.4922e+08 9.0618e-04 2.1678e-02 1.0000e+00
2.2290e-02 1.6111e+07 6.2109e+07 1.3144e+08 1.1543e+08 8.8497e-04 2.2928e-02 1.0000e+00
2.3543e-02 9.9175e+07 8.5440e+07 -1.2752e+08 9.5186e+07 8.5913e-04 2.4177e-02 1.0000e+00
2.4796e-02 9.6954e+07 9.6895e+07 -4.5846e+07 1.1963e+08 8.6713e-04 2.5417e-02 1.0000e+00
2.6048e-02 1.4848e+07 6.9621e+07 1.7996e+08 1.2207e+08 8.7594e-04 2.6682e-02 1.0000e+00
2.7301e-02 9.6493e+07 1.5664e+08 1.6492e+07 1.7685e+08 9.2589e-04 2.7914e-02 1.0000e+00
2.8554e-02 -2.7325e+07 9.9736e-03 2.9306e+07 5.1517e+07 9.5342e-04 2.9173e-02 1.0000e+00
2.9806e-02 8.9308e+07 5.8675e+07 1.9893e+07 9.9880e+07 1.0046e-03 3.0423e-02 1.0000e+00
3.1059e-02 4.5418e+07 4.1064e+07 1.2322e+08 9.9609e+07 1.0242e-03 3.1683e-02 1.0000e+00
3.2312e-02 8.9073e+07 5.8675e+07 1.0601e+08 1.1103e+08 1.0448e-03 3.2937e-02 1.0000e+00
3.3565e-02 1.9080e+08 7.6824e+07 -1.6708e+08 9.4479e+07 1.0611e-03 3.4181e-02 1.0000e+00
3.4817e-02 1.0339e+08 5.8073e+07 6.1665e+07 1.0664e+08 1.0955e-03 3.5420e-02 1.0000e+00
3.6070e-02 1.9090e+08 7.6824e+07 -1.1401e+08 1.1507e+08 1.2131e-03 3.6659e-02 1.0000e+00
3.7323e-02 2.0253e+08 7.1737e+07 2.7441e+08 2.2447e+08 1.5020e-03 3.7910e-02 1.0000e+00
3.8575e-02 2.1984e+08 8.2128e+07 -3.9893e+07 1.0823e+08 1.7667e-03 3.9204e-02 1.0000e+00
3.9828e-02 1.3725e+08 5.6607e+07 -6.9016e+07 7.9487e+07 2.0915e-03 4.0417e-02 1.0000e+00
4.1081e-02 1.1430e+08 5.6812e+07 5.2574e+07 8.2040e+07 2.4970e-03 4.1671e-02 1.0000e+00
4.2333e-02 9.6084e+07 5.4202e+07 1.0119e+08 8.7972e+07 2.9757e-03 4.2955e-02 1.0000e+00
4.3586e-02 3.2379e+07 3.1939e+07 1.6389e+08 8.4560e+07 3.5542e-03 4.4156e-02 1.0000e+00
4.4839e-02 1.9097e+08 7.1862e+07 -5.0421e+06 9.3145e+07 3.6422e-03 4.5455e-02 1.0000e+00
4.6091e-02 1.2881e+08 4.9991e+07 -3.4271e+07 7.2574e+07 3.7631e-03 4.6786e-02 1.0000e+00
4.7344e-02 1.5471e+08 6.3267e+07 4.9834e+07 9.2924e+07 3.8094e-03 4.7960e-02 1.0000e+00
4.8597e-02 2.3149e+08 7.0410e+07 -6.0063e+07 9.0962e+07 3.6083e-03 4.9264e-02 1.0000e+00
4.9849e-02 1.9047e+08 6.7752e+07 3.5598e+07 1.1224e+08 4.0683e-03 5.0436e-02 1.0000e+00
5.1102e-02 1.8126e+08 6.1215e+07 -1.4480e+07 7.9840e+07 3.4832e-03 5.1599e-02 1.0000e+00
5.2355e-02 8.4924e+07 3.9830e+07 -2.2760e+07 5.3972e+07 3.4368e-03 5.3026e-02 1.0000e+00
5.3608e-02 1.4553e+08 5.9752e+07 6.4028e+06 8.9234e+07 3.8427e-03 5.4244e-02 1.0000e+00
5.4860e-02 1.5008e+08 5.1420e+07 1.0143e+08 8.0403e+07 3.4148e-03 5.5458e-02 1.0000e+00
5.6113e-02 2.7764e+08 7.4972e+07 -7.3974e+07 9.7221e+07 3.5458e-03 5.6802e-02 1.0000e+00
5.7366e-02 1.5394e+08 5.5434e+07 2.4849e+07 8.4015e+07 3.6650e-03 5.7941e-02 1.0000e+00
5.8618e-02 1.7501e+08 5.4162e+07 -8.0524e+07 6.7194e+07 3.3718e-03 5.9215e-02 1.0000e+00
5.9871e-02 7.9899e+07 4.1318e+07 4.0039e+07 6.1966e+07 3.4504e-03 6.0527e-02 1.0000e+00
6.1124e-02 2.6329e+08 6.3284e+07 -1.4127e+08 8.0721e+07 3.4507e-03 6.1725e-02 1.0000e+00
6.2376e-02 9.8184e+07 4.5261e+07 3.4617e+07 6.4088e+07 3.3410e-03 6.3033e-02 1.0000e+00
6.3629e-02 1.4390e+08 4.9443e+07 6.1336e+07 7.7671e+07 3.4868e-03 6.4282e-02 1.0000e+00
6.4882e-02 2.0623e+08 5.8501e+07 -2.0982e+07 8.1372e+07 3.3311e-03 6.5464e-02 1.0000e+00
6.6134e-02 1.0619e+08 4.4814e+07 4.5471e+07 6.4842e+07 3.3110e-03 6.6765e-02 1.0000e+00
6.7387e-02 6.3622e+07 3.1117e+07 1.8382e+08 8.0789e+07 3.4879e-03 6.7967e-02 1.0000e+00
6.8640e-02 8.1148e+07 3.8298e+07 5.3861e+07 5.6882e+07 3.1419e-03 6.9194e-02 1.0000e+00
6.9892e-02 1.1373e+08 4.2053e+07 7.2983e+06 5.9147e+07 3.1778e-03 7.0569e-02 1.0000e+00
7.1145e-02 8.1093e+07 3.8298e+07 4.6058e+07 6.4740e+07 3.5257e-03 7.1759e-02 1.0000e+00
7.2398e-02 1.1831e+08 4.3555e+07 -3.5423e+07 5.4685e+07 3.0837e-03 7.2958e-02 1.0000e+00
7.3651e-02 9.4969e+07 3.5869e+07 6.3035e+07 5.8943e+07 3.1700e-03 7.4314e-02 1.0000e+00
7.4903e-02 9.9562e+07 3.9648e+07 5.0504e+07 6.6673e+07 3.3878e-03 7.5466e-02 1.0000e+00
7.6156e-02 1.4765e+08 4.4415e+07 1.2833e+06 6.1605e+07 3.0133e-03 7.6729e-02 1.0000e+00
7.7409e-02 1.6151e+08 5.0293e+07 -3.8680e+07 6.5638e+07 3.1361e-03 7.8078e-02 1.0000e+00
7.8661e-02 2.1053e+08 5.4068e+07 -1.1258e+08 6.7899e+07 3.2174e-03 7.9248e-02 1.0000e+00
7.9914e-02 1.3420e+08 4.0714e+07 -5.4764e+07 5.1714e+07 2.9694e-03 8.0560e-02 1.0000e+00
8.1167e-02 1.7101e+08 4.9065e+07 -9.6924e+07 6.0050e+07 3.1907e-03 8.1844e-02 1.0000e+00
8.2419e-02 1.5487e+08 4.4736e+07 -4.3967e+07 6.0403e+07 3.1121e-03 8.2988e-02 1.0000e+00
8.3672e-02 1.0535e+08 3.9340e+07 -6.1775e+05 5.3678e+07 2.9781e-03 8.4298e-02 1.0000e+00
8.4925e-02 1.4300e+08 4.3109e+07 -1.4050e+07 6.2794e+07 3.1386e-03 8.5535e-02 1.0000e+00
8.6177e-02 1.4542e+08 4.2251e+07 -4.2077e+06 5.9683e+07 2.9426e-03 8.6760e-02 1.0000e+00
8.7430e-02 7.3825e+07 3.2592e+07 4.5663e+07 5.0181e+07 2.9503e-03 8.8093e-02 1.0000e+00
8.8683e-02 1.1629e+08 3.5749e+07 2.8216e+07 6.2061e+07 3.1313e-03 8.9296e-02 1.0000e+00
8.9935e-02 2.1457e+08 5.2116e+07 -7.6803e+07 6.4953e+07 2.8953e-03 9.0514e-02 1.0000e+00
9.1188e-02 8.6422e+07 3.2960e+07 -3.8038e+06 4.6689e+07 2.8957e-03 9.1842e-02 1.0000e+00
9.2441e-02 1.0817e+08 3.6439e+07 9.4269e+07 6.7540e+07 3.1158e-03 9.3027e-02 1.0000e+00
9.3694e-02 1.5500e+08 4.4736e+07 8.0045e+07 6.6166e+07 2.8060e-03 9.4266e-02 1.0000e+00
9.4946e-02 1.3194e+08 3.6134e+07 9.3540e+06 5.5125e+07 2.8507e-03 9.5621e-02 1.0000e+00
9.6199e-02 1.5219e+08 4.2552e+07 2.0874e+07 6.6920e+07 3.0128e-03 9.6808e-02 1.0000e+00
9.7452e-02 1.1258e+08 3.6108e+07 -8.9655e+06 4.9950e+07 2.7770e-03 9.8072e-02 1.0000e+00
9.8704e-02 8.6232e+07 3.2960e+07 5.0605e+07 5.3399e+07 2.8986e-03 9.9376e-02 1.0000e+00
9.9957e-02 1.6035e+08 4.1902e+07 1.3345e+07 6.3865e+07 2.9407e-03 1.0051e-01 1.0000e+00
1.0121e-01 1.6038e+08 3.8680e+07 -5.0966e+07 5.2292e+07 2.7037e-03 1.0183e-01 1.0000e+00
1.0246e-01 1.8000e+08 4.5386e+07 -5.1988e+07 6.0815e+07 2.8732e-03 1.0313e-01 1.0000e+00
1.0372e-01 1.8106e+08 4.3285e+07 -9.7975e+07 5.2884e+07 2.8098e-03 1.0431e-01 1.0000e+00
1.0497e-01 9.1553e+07 3.2962e+07 4.3273e+07 4.9167e+07 2.7333e-03 1.0562e-01 1.0000e+00
1.0622e-01 1.3885e+08 3.7815e+07 7.1108e+07 6.7018e+07 2.9361e-03 1.0682e-01 1.0000e+00
1.0747e-01 6.0561e+07 2.4391e+07 6.1140e+07 4.1603e+07 2.6475e-03 1.0805e-01 1.0000e+00
1.0873e-01 1.2624e+08 3.7098e+07 -5.8772e+07 4.6207e+07 2.7579e-03 1.0938e-01 1.0000e+00
1.0998e-01 1.2007e+08 3.4226e+07 6.1356e+06 5.7193e+07 2.8436e-03 1.1056e-01 1.0000e+00
1.1123e-01 1.7637e+08 4.2279e+07 4.7845e+07 6.1848e+07 2.6236e-03 1.1182e-01 1.0000e+00
1.1248e-01 1.2899e+08 3.5349e+07 1.9707e+07 5.2480e+07 2.6865e-03 1.1315e-01 1.0000e+00
1.1374e-01 1.5674e+08 3.7875e+07 1.1799e+07 6.1475e+07 2.8015e-03 1.1435e-01 1.0000e+00
1.1499e-01 1.8149e+08 4.2338e+07 -2.3565e+07 5.6785e+07 2.6202e-03 1.1559e-01 1.0000e+00
1.1624e-01 1.6634e+08 3.8134e+07 -1.0626e+07 5.6055e+07 2.6827e-03 1.1689e-01 1.0000e+00
1.1749e-01 1.9057e+08 4.3334e+07 8.5562e+07 7.3475e+07 2.7614e-03 1.1806e-01 1.0000e+00
1.1875e-01 1.2310e+08 3.3876e+07 -1.3670e+06 4.6107e+07 2.5315e-03 1.1935e-01 1.0000e+00
1.2000e-01 1.2288e+08 3.2865e+07 1.2077e+08 6.0368e+07 2.6579e-03 1.2068e-01 1.0000e+00
