Q, Struc, DelStruc, M_Perp, DelM_Perp, M_Parl_NSF, DelM_Parl_NSF, M_Parl_NSFVert, DelM_Parl_NSFVert, M_Parl_SF, DelM_Parl_SF, Q_Unc, Q_mean, Shadow
3.5000e-03 4.7191e+01 6.9723e-02 8.7183e-03 1.5414e-02 4.9530e-01 9.2312e-03 3.2782e-01 6.1102e-03 -1.4032e-01 1.7510e-02 2.5882e-03 4.1925e-03 1.0000e+00
4.7527e-03 1.1598e+01 3.2750e-02 1.9894e-01 9.2626e-03 7.9290e-02 3.5021e-03 6.0682e-02 2.6806e-03 1.6551e-01 1.0197e-02 2.3278e-03 5.4526e-03 1.0000e+00
6.0054e-03 4.4949e+00 1.8149e-02 2.9069e-01 6.4157e-03 1.8514e-02 1.3832e-03 1.4295e-02 1.0680e-03 1.9927e-01 7.2897e-03 1.9906e-03 6.6801e-03 1.0000e+00
7.2581e-03 2.1304e+00 1.2431e-02 2.4605e-01 5.5176e-03 6.7564e-03 7.7461e-04 5.4578e-03 6.2576e-04 2.2601e-01 6.2505e-03 1.8646e-03 7.9265e-03 1.0000e+00
8.5108e-03 1.1808e+00 8.3795e-03 2.5090e-01 5.1560e-03 3.8643e-03 5.3076e-04 3.3383e-03 4.5856e-04 1.9183e-01 5.7603e-03 1.7104e-03 9.1639e-03 1.0000e+00
9.7634e-03 7.0146e-01 6.7377e-03 2.5406e-01 4.4881e-03 3.0569e-04 1.4564e-04 2.3491e-04 1.1192e-04 2.2075e-01 5.0414e-03 1.6170e-03 1.0409e-02 1.0000e+00
1.1016e-02 4.8562e-01 5.2176e-03 2.4398e-01 4.1880e-03 3.3750e-03 4.5618e-04 2.7615e-03 3.7329e-04 1.8906e-01 4.6719e-03 1.4994e-03 1.1670e-02 1.0000e+00
1.2269e-02 3.3593e-01 4.4450e-03 2.1746e-01 3.8890e-03 1.2475e-03 2.8182e-04 8.8628e-04 2.0022e-04 1.8599e-01 4.3792e-03 1.4517e-03 1.2927e-02 1.0000e+00
1.3522e-02 2.5352e-01 3.8464e-03 2.3472e-01 3.7606e-03 3.5040e-03 4.7215e-04 2.7135e-03 3.6568e-04 1.5036e-01 4.2529e-03 1.3684e-03 1.4178e-02 1.0000e+00
1.4774e-02 2.3407e-01 3.5062e-03 2.1697e-01 3.4530e-03 1.7567e-03 2.9148e-04 1.6168e-03 2.6831e-04 1.8573e-01 3.8815e-03 1.3351e-03 1.5422e-02 1.0000e+00
1.6027e-02 1.6178e-01 3.0648e-03 1.7670e-01 3.4687e-03 3.7138e-04 1.4384e-04 3.4677e-04 1.3431e-04 1.6287e-01 3.8560e-03 1.2723e-03 1.6657e-02 1.0000e+00
1.7280e-02 1.3480e-01 2.7962e-03 1.8130e-01 3.1531e-03 8.0439e-07 6.5858e-06 5.3993e-07 4.4206e-06 1.3337e-01 3.5745e-03 1.2250e-03 1.7905e-02 1.0000e+00
1.8532e-02 9.5759e-02 2.6839e-03 1.7992e-01 3.1147e-03 2.3710e-04 1.2711e-04 1.5112e-04 8.1010e-05 1.3907e-01 3.5014e-03 1.1782e-03 1.9162e-02 1.0000e+00
1.9785e-02 9.3036e-02 2.5164e-03 1.7885e-01 2.8718e-03 1.4010e-03 2.9153e-04 9.0813e-04 1.8894e-04 1.3221e-01 3.2358e-03 1.1465e-03 2.0420e-02 1.0000e+00
2.1038e-02 7.6039e-02 2.3111e-03 1.5473e-01 2.8700e-03 4.1518e-04 1.6633e-04 3.2715e-04 1.3106e-04 1.2527e-01 3.1898e-03 1.1098e-03 2.1677e-02 1.0000e+00
2.2290e-02 4.9854e-02 2.3061e-03 1.4204e-01 2.6267e-03 7.5679e-04 2.5591e-04 3.7231e-04 1.2585e-04 9.8361e-02 3.0180e-03 1.0816e-03 2.2936e-02 1.0000e+00
2.3543e-02 5.1742e-02 2.1235e-03 1.4928e-01 2.5204e-03 1.2193e-04 9.2479e-05 8.7620e-05 6.6453e-05 1.1040e-01 2.8387e-03 1.0538e-03 2.4189e-02 1.0000e+00
2.4796e-02 5.2439e-02 2.2036e-03 1.1866e-01 2.7692e-03 9.7459e-04 2.5242e-04 5.5360e-04 1.4332e-04 1.0938e-01 3.0667e-03 1.0252e-03 2.5446e-02 1.0000e+00
2.6048e-02 3.8589e-02 2.5045e-03 1.2695e-01 2.8589e-03 9.2118e-04 2.8099e-04 5.9931e-04 1.8267e-04 9.0233e-02 3.1312e-03 1.0788e-03 2.6667e-02 1.0000e+00
2.7301e-02 5.8582e-02 4.4902e-03 1.1246e-01 3.7068e-03 6.5688e-05 5.9077e-05 6.3712e-05 5.7291e-05 8.1331e-02 3.9079e-03 1.2275e-03 2.7912e-02 1.0000e+00
2.8554e-02 3.1705e-02 3.8072e-03 1.0237e-01 3.2031e-03 2.8911e-04 1.5758e-04 2.0460e-04 1.1138e-04 9.0842e-02 3.4314e-03 1.3374e-03 2.9142e-02 1.0000e+00
2.9806e-02 3.1069e-02 1.2715e-03 7.9146e-02 1.9613e-03 5.9385e-10 2.2894e-07 2.9123e-10 1.1228e-07 8.1754e-02 2.3320e-03 1.4575e-03 3.0430e-02 1.0000e+00
3.1059e-02 2.9669e-02 1.3306e-03 9.2893e-02 1.8352e-03 2.8428e-04 1.5331e-04 1.3697e-04 7.3861e-05 7.6515e-02 2.2514e-03 1.4573e-03 3.1684e-02 1.0000e+00
3.2312e-02 3.7694e-02 1.1271e-03 8.8548e-02 1.7851e-03 1.5404e-05 3.1795e-05 1.1346e-05 2.3418e-05 6.6338e-02 2.2233e-03 1.5272e-03 3.2935e-02 1.0000e+00
3.3565e-02 2.3402e-02 1.2433e-03 5.4132e-02 1.8658e-03 8.5001e-04 2.7705e-04 5.4685e-04 1.7826e-04 6.9074e-02 2.2496e-03 1.5371e-03 3.4188e-02 1.0000e+00
3.4817e-02 3.2394e-02 1.0983e-03 6.6822e-02 1.7935e-03 2.2313e-04 1.2046e-04 1.5894e-04 8.5812e-05 4.9596e-02 2.2570e-03 1.5851e-03 3.5428e-02 1.0000e+00
3.6070e-02 3.2614e-02 1.0465e-03 5.6393e-02 1.9019e-03 8.6078e-07 7.8118e-06 7.5715e-07 6.8714e-06 4.0262e-02 2.3535e-03 1.6051e-03 3.6679e-02 1.0000e+00
3.7323e-02 3.5955e-02 1.1470e-03 5.7145e-02 2.2734e-03 3.2988e-04 2.1326e-04 3.1713e-04 2.0511e-04 3.7009e-02 2.6532e-03 1.9127e-03 3.7893e-02 1.0000e+00
3.8575e-02 2.7164e-02 9.8776e-04 6.2488e-02 2.0095e-03 3.9063e-05 8.1694e-05 2.9246e-05 6.1166e-05 7.4682e-02 2.4192e-03 2.3093e-03 3.9207e-02 1.0000e+00
3.9828e-02 3.3695e-02 1.0965e-03 3.6062e-02 1.2441e-03 1.3060e-05 2.0027e-05 9.1041e-06 1.3960e-05 5.1988e-02 1.9135e-03 2.6237e-03 4.0410e-02 1.0000e+00
4.1081e-02 2.9705e-02 1.0075e-03 4.3631e-02 9.4003e-04 8.7469e-05 4.4327e-05 5.3600e-05 2.7161e-05 4.9204e-02 1.7454e-03 3.0615e-03 4.1704e-02 1.0000e+00
4.2333e-02 2.2840e-02 1.0312e-03 3.3974e-02 1.0254e-03 4.6371e-05 4.7084e-05 2.5839e-05 2.6236e-05 2.3662e-02 1.9799e-03 3.6858e-03 4.2984e-02 1.0000e+00
4.3586e-02 3.4318e-02 9.6618e-04 3.7678e-02 9.2214e-04 2.3866e-05 2.2636e-05 2.2457e-05 2.1300e-05 4.0510e-02 1.7328e-03 4.2071e-03 4.4112e-02 1.0000e+00
4.4839e-02 3.3847e-02 9.1511e-04 3.2368e-02 8.5995e-04 7.5545e-05 3.7581e-05 6.1604e-05 3.0646e-05 3.7278e-02 1.1056e-03 4.6284e-03 4.5510e-02 1.0000e+00
4.6091e-02 3.1513e-02 1.0583e-03 3.6331e-02 8.9951e-04 3.8676e-05 3.4398e-05 3.4365e-05 3.0565e-05 1.6821e-02 1.0632e-03 5.3431e-03 4.6674e-02 1.0000e+00
4.7344e-02 2.9631e-02 8.7967e-04 2.1552e-02 8.7060e-04 4.1607e-05 2.9089e-05 3.5907e-05 2.5104e-05 2.6037e-02 1.0026e-03 4.5370e-03 4.7894e-02 1.0000e+00
4.8597e-02 3.1580e-02 9.4816e-04 2.2902e-02 8.6072e-04 4.5069e-04 9.4036e-05 3.9653e-04 8.2740e-05 2.6705e-02 9.6659e-04 4.6468e-03 4.9286e-02 1.0000e+00
4.9849e-02 3.3437e-02 9.2336e-04 2.2436e-02 9.3972e-04 1.2417e-06 5.8730e-06 1.0949e-06 5.1787e-06 2.0235e-02 1.0579e-03 4.8592e-03 5.0443e-02 1.0000e+00
5.1102e-02 3.4294e-02 8.6529e-04 1.9307e-02 7.2607e-04 9.5580e-05 3.6327e-05 8.9645e-05 3.4072e-05 2.3757e-02 8.5252e-04 4.5383e-03 5.1748e-02 1.0000e+00
5.2355e-02 4.4394e-02 9.8273e-04 1.5860e-02 8.0710e-04 7.2414e-05 3.2548e-05 6.5413e-05 2.9402e-05 1.3645e-02 9.1109e-04 4.8281e-03 5.2963e-02 1.0000e+00
5.3608e-02 3.4736e-02 8.9640e-04 1.5720e-02 8.6168e-04 2.8195e-06 7.5960e-06 2.3663e-06 6.3752e-06 1.4361e-02 9.5407e-04 4.4619e-03 5.4166e-02 1.0000e+00
5.4860e-02 4.5226e-02 9.0518e-04 1.6893e-02 6.8821e-04 1.7556e-04 4.5510e-05 1.8992e-04 4.9238e-05 9.7274e-03 8.1794e-04 4.5663e-03 5.5473e-02 1.0000e+00
5.6113e-02 4.4808e-02 8.8917e-04 1.7734e-02 7.2254e-04 1.9341e-05 1.6642e-05 2.1022e-05 1.8089e-05 1.6021e-02 8.2671e-04 4.4135e-03 5.6743e-02 1.0000e+00
5.7366e-02 5.9578e-02 9.0324e-04 1.2348e-02 7.6738e-04 1.1595e-04 3.4735e-05 1.5448e-04 4.6285e-05 7.4576e-03 8.9011e-04 4.4385e-03 5.8016e-02 1.0000e+00
5.8618e-02 6.1616e-02 9.1140e-04 1.8512e-02 6.5455e-04 6.5725e-05 2.5165e-05 7.3369e-05 2.8092e-05 5.3501e-03 7.7450e-04 4.4390e-03 5.9274e-02 1.0000e+00
5.9871e-02 8.1729e-02 8.4347e-04 1.1406e-02 7.1857e-04 1.1485e-04 3.8864e-05 1.2214e-04 4.1335e-05 8.7979e-03 8.1686e-04 4.4894e-03 6.0524e-02 1.0000e+00
6.1124e-02 8.0280e-02 1.1023e-03 1.3060e-02 6.6978e-04 3.2034e-05 1.6006e-05 3.0370e-05 1.5175e-05 1.0175e-02 7.7019e-04 4.3914e-03 6.1686e-02 1.0000e+00
6.2376e-02 1.0777e-01 9.4424e-04 1.2295e-02 6.8439e-04 5.8902e-04 6.2396e-05 6.5749e-04 6.9663e-05 1.0069e-02 7.8972e-04 4.2338e-03 6.2984e-02 1.0000e+00
6.3629e-02 1.1459e-01 1.0322e-03 1.3324e-02 6.8567e-04 1.5864e-04 3.9345e-05 1.6573e-04 4.1105e-05 5.0226e-03 7.8287e-04 4.4656e-03 6.4229e-02 1.0000e+00
6.4882e-02 1.2807e-01 1.0729e-03 3.9111e-03 7.0636e-04 2.1903e-04 3.7525e-05 2.4094e-04 4.1280e-05 4.4217e-03 7.9861e-04 4.0925e-03 6.5444e-02 1.0000e+00
6.6134e-02 1.4309e-01 1.0308e-03 7.0978e-03 6.9384e-04 4.4972e-04 5.3052e-05 4.7854e-04 5.6457e-05 5.6968e-03 7.7846e-04 4.0930e-03 6.6842e-02 1.0000e+00
6.7387e-02 1.5169e-01 1.1870e-03 9.6550e-03 7.1972e-04 3.0502e-04 5.2085e-05 2.9390e-04 5.0190e-05 -2.3072e-03 8.0872e-04 4.5183e-03 6.8012e-02 1.0000e+00
6.8640e-02 1.5730e-01 9.9120e-04 5.8743e-03 6.1775e-04 2.8921e-04 3.8401e-05 3.0930e-04 4.1071e-05 3.9593e-03 7.1811e-04 3.9305e-03 6.9257e-02 1.0000e+00
6.9892e-02 1.3286e-01 1.0809e-03 6.0859e-03 6.4616e-04 9.0561e-05 2.5225e-05 8.3511e-05 2.3262e-05 -1.8355e-03 7.4216e-04 4.3025e-03 7.0586e-02 1.0000e+00
7.1145e-02 1.3784e-01 1.0628e-03 1.0246e-02 6.7061e-04 1.2684e-04 3.2219e-05 1.1749e-04 2.9846e-05 -5.8846e-04 7.5635e-04 4.1744e-03 7.1689e-02 1.0000e+00
7.2398e-02 1.2724e-01 9.6374e-04 1.0147e-02 5.8933e-04 6.4514e-05 1.9599e-05 6.0086e-05 1.8254e-05 -2.9455e-03 6.8584e-04 3.9150e-03 7.3028e-02 1.0000e+00
7.3651e-02 1.1320e-01 1.0303e-03 4.4135e-03 6.2522e-04 3.4682e-05 1.5367e-05 3.3157e-05 1.4692e-05 -2.8204e-03 7.2500e-04 4.1756e-03 7.4287e-02 1.0000e+00
7.4903e-02 9.9070e-02 8.3441e-04 2.4425e-03 6.8012e-04 1.3584e-04 3.2699e-05 1.2397e-04 2.9845e-05 8.2228e-03 7.5403e-04 3.9159e-03 7.5517e-02 1.0000e+00
7.6156e-02 8.4547e-02 9.2455e-04 9.1076e-03 5.6983e-04 8.4000e-05 2.3191e-05 7.9531e-05 2.1957e-05 1.3368e-03 6.5362e-04 4.0039e-03 7.6838e-02 1.0000e+00
7.7409e-02 7.3122e-02 8.0222e-04 6.9430e-03 6.2193e-04 3.8497e-05 1.8699e-05 3.7840e-05 1.8380e-05 4.0461e-03 6.9793e-04 4.0975e-03 7.8019e-02 1.0000e+00
7.8661e-02 5.7691e-02 7.5976e-04 5.5575e-03 6.1854e-04 1.8274e-05 1.2687e-05 1.5487e-05 1.0753e-05 1.5704e-03 6.9760e-04 3.9519e-03 7.9233e-02 1.0000e+00
7.9914e-02 4.2674e-02 8.0387e-04 5.3731e-03 5.6697e-04 1.2232e-03 1.0898e-04 1.0425e-03 9.2871e-05 -1.1221e-03 6.5320e-04 3.7897e-03 8.0527e-02 1.0000e+00
8.1167e-02 4.3128e-02 7.4342e-04 4.2987e-03 6.2497e-04 8.7190e-05 3.4243e-05 7.5409e-05 2.9617e-05 4.4763e-03 7.0020e-04 4.0239e-03 8.1788e-02 1.0000e+00
8.2419e-02 3.9566e-02 7.1145e-04 4.9111e-03 5.8489e-04 2.4414e-05 1.3991e-05 2.2813e-05 1.3073e-05 3.5050e-03 6.6862e-04 3.8377e-03 8.3008e-02 1.0000e+00
8.3672e-02 3.1638e-02 6.7676e-04 5.3047e-03 5.6545e-04 5.5131e-06 7.4228e-06 6.1989e-06 8.3462e-06 -3.2379e-03 6.4391e-04 3.7028e-03 8.4317e-02 1.0000e+00
8.4925e-02 2.7747e-02 6.3762e-04 4.4071e-03 6.5997e-04 2.3303e-07 1.8507e-06 2.4717e-07 1.9630e-06 -5.9496e-04 7.3489e-04 4.0819e-03 8.5549e-02 1.0000e+00
8.6177e-02 2.4574e-02 6.3313e-04 3.3988e-03 5.6966e-04 1.0223e-04 3.1604e-05 9.9964e-05 3.0905e-05 1.7411e-03 6.4592e-04 3.7184e-03 8.6725e-02 1.0000e+00
8.7430e-02 2.4516e-02 5.8096e-04 3.2203e-03 5.8018e-04 7.9397e-05 2.9285e-05 1.0034e-04 3.7015e-05 8.2916e-04 6.5646e-04 3.6086e-03 8.8103e-02 1.0000e+00
8.8683e-02 1.6070e-02 5.9519e-04 7.2235e-03 6.0193e-04 3.4891e-04 8.4971e-05 3.5713e-04 8.7032e-05 2.8825e-03 6.6935e-04 3.9565e-03 8.9312e-02 1.0000e+00
8.9935e-02 1.4963e-02 5.9591e-04 5.5198e-03 5.5838e-04 3.0969e-06 6.6253e-06 4.1079e-06 8.7883e-06 7.7133e-04 6.3377e-04 3.5838e-03 9.0570e-02 1.0000e+00
9.1188e-02 5.9312e-03 6.0913e-04 6.4991e-03 5.5773e-04 1.0083e-04 6.5311e-05 7.9029e-05 5.1183e-05 5.3262e-03 6.2818e-04 3.7498e-03 9.1894e-02 1.0000e+00
9.2441e-02 9.4848e-03 5.9998e-04 4.4373e-04 6.1286e-04 2.7347e-04 9.2826e-05 3.8187e-04 1.2993e-04 -1.8737e-04 6.8157e-04 3.8421e-03 9.3014e-02 1.0000e+00
9.3694e-02 1.2636e-02 5.6786e-04 5.0385e-03 5.4547e-04 1.8767e-04 5.5439e-05 1.8981e-04 5.6084e-05 2.0991e-03 6.1748e-04 3.5727e-03 9.4313e-02 1.0000e+00
9.4946e-02 5.7617e-03 6.0574e-04 5.2614e-03 5.7132e-04 9.4073e-07 6.5786e-06 5.7893e-07 4.0485e-06 2.3365e-03 6.3586e-04 3.7223e-03 9.5554e-02 1.0000e+00
9.6199e-02 9.9803e-03 5.6705e-04 6.0736e-03 5.9560e-04 2.5607e-05 2.5933e-05 1.7723e-05 1.7948e-05 -4.9933e-03 6.7141e-04 3.5738e-03 9.6767e-02 1.0000e+00
9.7452e-02 1.3761e-02 5.6801e-04 9.8928e-04 5.6198e-04 1.2885e-05 1.3326e-05 4.6623e-05 4.8253e-05 4.2522e-03 6.2512e-04 3.6003e-03 9.8095e-02 1.0000e+00
9.8704e-02 8.7581e-03 5.7114e-04 2.7536e-03 5.9631e-04 2.8308e-04 9.3520e-05 1.9607e-04 6.4759e-05 5.1851e-03 6.5730e-04 3.6676e-03 9.9282e-02 1.0000e+00
9.9957e-02 9.4092e-03 5.5294e-04 2.2232e-03 5.5120e-04 3.5634e-05 2.7826e-05 3.7496e-05 2.9282e-05 3.3789e-03 6.2127e-04 3.4205e-03 1.0058e-01 1.0000e+00
1.0121e-01 7.6195e-03 5.7477e-04 5.2067e-03 5.2622e-04 7.8943e-05 4.7012e-05 4.4167e-05 2.6294e-05 1.4390e-03 5.9351e-04 3.6286e-03 1.0187e-01 1.0000e+00
1.0246e-01 1.4119e-02 5.6024e-04 4.4574e-03 5.6865e-04 1.3636e-04 5.2077e-05 2.0873e-04 7.9800e-05 2.0716e-03 6.2997e-04 3.5766e-03 1.0306e-01 1.0000e+00
1.0372e-01 1.7046e-02 5.7096e-04 4.3562e-03 5.3992e-04 6.9417e-05 2.7950e-05 5.8215e-05 2.3438e-05 -2.4240e-03 6.1793e-04 3.5526e-03 1.0429e-01 1.0000e+00
1.0497e-01 1.5270e-02 5.6992e-04 -2.2134e-04 5.6209e-04 1.9450e-04 5.4201e-05 2.0135e-04 5.6126e-05 1.3295e-03 6.2739e-04 3.4228e-03 1.0556e-01 1.0000e+00
1.0622e-01 1.5377e-02 5.2898e-04 3.2757e-03 5.8258e-04 8.3648e-05 3.9521e-05 8.7518e-05 4.1358e-05 9.6762e-04 6.4483e-04 3.4805e-03 1.0683e-01 1.0000e+00
1.0747e-01 1.2022e-02 5.5089e-04 2.8761e-03 5.1823e-04 2.5227e-05 2.0461e-05 3.5853e-05 2.9085e-05 2.6006e-03 5.8895e-04 3.4132e-03 1.0810e-01 1.0000e+00
1.0873e-01 1.8314e-02 5.3169e-04 3.6476e-03 5.4730e-04 1.5089e-05 1.3565e-05 1.5546e-05 1.3976e-05 4.5973e-03 6.1089e-04 3.3808e-03 1.0942e-01 1.0000e+00
1.0998e-01 1.4620e-02 5.5825e-04 8.5435e-03 5.4960e-04 3.4912e-06 7.8804e-06 3.7398e-06 8.4417e-06 4.0866e-03 6.0712e-04 3.5681e-03 1.1062e-01 1.0000e+00
1.1123e-01 1.5264e-02 5.4513e-04 5.5061e-03 5.0204e-04 5.9323e-05 2.7625e-05 3.8957e-05 1.8139e-05 3.5890e-03 5.6937e-04 3.3610e-03 1.1184e-01 1.0000e+00
1.1248e-01 1.4880e-02 5.3017e-04 4.5409e-03 5.2478e-04 1.3087e-05 1.4214e-05 1.3211e-05 1.4348e-05 2.4472e-03 5.8757e-04 3.5079e-03 1.1311e-01 1.0000e+00
1.1374e-01 1.3485e-02 5.4186e-04 6.0297e-04 5.5313e-04 1.2543e-05 1.5066e-05 9.4706e-06 1.1375e-05 2.2045e-03 6.1311e-04 3.3620e-03 1.1426e-01 1.0000e+00
1.1499e-01 1.5793e-02 5.2427e-04 5.9690e-04 5.2314e-04 3.6299e-05 2.0668e-05 5.1185e-05 2.9149e-05 5.1327e-03 5.8166e-04 3.2428e-03 1.1561e-01 1.0000e+00
1.1624e-01 1.3691e-02 5.4977e-04 2.3801e-03 5.3196e-04 3.8111e-05 2.5508e-05 4.5972e-05 3.0773e-05 4.3846e-03 5.8931e-04 3.4513e-03 1.1688e-01 1.0000e+00
1.1749e-01 1.2145e-02 5.3157e-04 -2.5557e-04 5.6295e-04 2.6696e-06 6.7108e-06 2.3340e-06 5.8674e-06 1.4604e-03 6.2168e-04 3.2826e-03 1.1807e-01 1.0000e+00
1.1875e-01 1.3838e-02 5.0878e-04 1.9560e-03 4.9646e-04 3.8964e-07 2.2185e-06 7.5455e-07 4.2963e-06 3.9487e-03 5.5837e-04 3.2736e-03 1.1941e-01 1.0000e+00
1.2000e-01 1.4110e-02 4.9299e-04 4.4525e-03 5.2716e-04 1.1296e-04 4.4156e-05 3.1666e-04 1.2424e-04 -7.6080e-04 5.8854e-04 3.4762e-03 1.2058e-01 1.0000e+00
