Q, Struc, DelStruc, M_Parl_Div, DelM_Parl_Div, M_Parl_Sub, DelM_Parl_Sub, Q_Unc, Q_mean, Shadow
3.5000e-03 4.1802e+01 1.6566e-01 1.9272e-03 7.9538e-04 1.9745e+01 3.4313e-01 2.5882e-03 4.1925e-03 1.0000e+00
4.7527e-03 1.0360e+01 7.8183e-02 8.9356e-05 1.6236e-04 3.1181e+00 1.6217e-01 2.3278e-03 5.4526e-03 1.0000e+00
6.0054e-03 4.0990e+00 4.3640e-02 5.1625e-04 3.4631e-04 1.2002e+00 8.4883e-02 1.9906e-03 6.6801e-03 1.0000e+00
7.2581e-03 2.0343e+00 2.8814e-02 1.9361e-07 6.2856e-06 2.9764e-01 5.3474e-02 1.8646e-03 7.9265e-03 1.0000e+00
8.5108e-03 1.1922e+00 2.0466e-02 3.6056e-06 2.5167e-05 1.2072e-01 3.7381e-02 1.7104e-03 9.1639e-03 1.0000e+00
9.7634e-03 8.0344e-01 1.5316e-02 3.7045e-05 7.3540e-05 5.9217e-02 2.7819e-02 1.6170e-03 1.0409e-02 1.0000e+00
1.1016e-02 5.6361e-01 1.2569e-02 2.1353e-04 1.7299e-04 3.8038e-02 2.2034e-02 1.4994e-03 1.1670e-02 1.0000e+00
1.2269e-02 3.8952e-01 1.0262e-02 5.3711e-05 8.5207e-05 3.7919e-02 1.7970e-02 1.4517e-03 1.2927e-02 1.0000e+00
1.3522e-02 3.2917e-01 9.1587e-03 3.0781e-05 6.2625e-05 1.6230e-02 1.5646e-02 1.3684e-03 1.4178e-02 1.0000e+00
1.4774e-02 2.6397e-01 7.8728e-03 1.0780e-04 1.1250e-04 5.9519e-03 1.3327e-02 1.3351e-03 1.5422e-02 1.0000e+00
1.6027e-02 2.2582e-01 7.1018e-03 2.4008e-06 1.6374e-05 1.5433e-02 1.2242e-02 1.2723e-03 1.6657e-02 1.0000e+00
1.7280e-02 1.9703e-01 6.3536e-03 1.7256e-05 4.2045e-05 6.9139e-04 1.0686e-02 1.2250e-03 1.7905e-02 1.0000e+00
1.8532e-02 1.7071e-01 5.7238e-03 5.9967e-06 2.3988e-05 9.7048e-04 9.8484e-03 1.1782e-03 1.9162e-02 1.0000e+00
1.9785e-02 1.6397e-01 5.3975e-03 1.3466e-04 1.0938e-04 -8.0260e-03 8.8831e-03 1.1465e-03 2.0420e-02 1.0000e+00
2.1038e-02 1.3798e-01 5.0949e-03 1.4725e-04 1.1770e-04 -4.9560e-03 8.3057e-03 1.1098e-03 2.1677e-02 1.0000e+00
2.2290e-02 1.3448e-01 4.6844e-03 1.6274e-05 3.6437e-05 -1.2836e-02 7.7707e-03 1.0816e-03 2.2936e-02 1.0000e+00
2.3543e-02 1.1189e-01 4.4084e-03 5.5158e-06 2.1887e-05 3.4333e-03 7.4774e-03 1.0538e-03 2.4189e-02 1.0000e+00
2.4796e-02 1.0392e-01 4.4717e-03 5.4534e-06 2.2905e-05 4.4840e-03 7.1207e-03 1.0252e-03 2.5446e-02 1.0000e+00
2.6048e-02 9.5065e-02 5.2675e-03 2.8875e-05 6.4915e-05 -9.1013e-04 7.3238e-03 1.0788e-03 2.6667e-02 1.0000e+00
2.7301e-02 9.6055e-02 9.1145e-03 1.2430e-03 7.3375e-04 -4.5785e-03 1.0465e-02 1.2275e-03 2.7912e-02 1.0000e+00
2.8554e-02 9.3842e-02 3.0768e-03 3.2629e-06 1.2829e-05 -4.7373e-03 5.8428e-03 1.3374e-03 2.9142e-02 1.0000e+00
2.9806e-02 7.9906e-02 2.9419e-03 1.6584e-05 2.9970e-05 -1.0552e-03 5.4475e-03 1.4575e-03 3.0430e-02 1.0000e+00
3.1059e-02 7.2015e-02 3.1478e-03 3.8045e-05 5.1161e-05 -1.4927e-03 5.3777e-03 1.4573e-03 3.1684e-02 1.0000e+00
3.2312e-02 6.7237e-02 2.9056e-03 5.1223e-08 1.7932e-06 3.7185e-03 5.1286e-03 1.5272e-03 3.2935e-02 1.0000e+00
3.3565e-02 6.8132e-02 3.1756e-03 1.3163e-06 9.8701e-06 -8.4426e-03 5.1659e-03 1.5371e-03 3.4188e-02 1.0000e+00
3.4817e-02 5.8615e-02 2.5444e-03 3.0890e-07 4.1302e-06 -4.9695e-03 4.6020e-03 1.5851e-03 3.5428e-02 1.0000e+00
3.6070e-02 6.2911e-02 2.4375e-03 3.1067e-05 3.8303e-05 -7.0739e-03 4.5701e-03 1.6051e-03 3.6679e-02 1.0000e+00
3.7323e-02 5.7527e-02 2.5859e-03 1.2604e-05 2.7066e-05 -1.0664e-02 6.1775e-03 1.9127e-03 3.7893e-02 1.0000e+00
3.8575e-02 5.3466e-02 2.1361e-03 2.8426e-05 3.4830e-05 -7.9782e-03 6.1400e-03 2.3093e-03 3.9207e-02 1.0000e+00
3.9828e-02 4.6339e-02 2.5408e-03 3.1969e-06 1.4923e-05 -1.5908e-03 4.1917e-03 2.6237e-03 4.0410e-02 1.0000e+00
4.1081e-02 4.6488e-02 2.1502e-03 6.1649e-06 1.7509e-05 -1.8891e-03 3.4128e-03 3.0615e-03 4.1704e-02 1.0000e+00
4.2333e-02 4.5711e-02 2.2235e-03 1.3417e-07 2.6936e-06 1.7779e-04 4.1197e-03 3.6858e-03 4.2984e-02 1.0000e+00
4.3586e-02 4.3307e-02 2.2535e-03 1.3348e-06 8.8463e-06 -2.5547e-03 3.4595e-03 4.2071e-03 4.4112e-02 1.0000e+00
4.4839e-02 4.2026e-02 1.9265e-03 4.7056e-06 1.4414e-05 -1.3876e-03 3.0546e-03 4.6284e-03 4.5510e-02 1.0000e+00
4.6091e-02 3.8068e-02 2.3138e-03 1.7372e-05 3.4952e-05 -6.5591e-04 3.8594e-03 5.3431e-03 4.6674e-02 1.0000e+00
4.7344e-02 4.0721e-02 1.8148e-03 7.1767e-06 1.7036e-05 2.9792e-03 2.9681e-03 4.5370e-03 4.7894e-02 1.0000e+00
4.8597e-02 3.7421e-02 2.0942e-03 2.2019e-05 3.5921e-05 6.8867e-04 3.1917e-03 4.6468e-03 4.9286e-02 1.0000e+00
4.9849e-02 3.8442e-02 1.9561e-03 5.1285e-07 5.0522e-06 -8.9003e-04 3.4329e-03 4.8592e-03 5.0443e-02 1.0000e+00
5.1102e-02 3.6557e-02 1.8796e-03 4.8146e-05 4.8236e-05 3.9671e-03 2.8452e-03 4.5383e-03 5.1748e-02 1.0000e+00
5.2355e-02 4.0838e-02 2.1359e-03 1.1978e-05 2.5866e-05 -1.4406e-03 3.2139e-03 4.8281e-03 5.2963e-02 1.0000e+00
5.3608e-02 4.1124e-02 1.8392e-03 2.8935e-06 1.0909e-05 -8.8657e-04 3.1027e-03 4.4619e-03 5.4166e-02 1.0000e+00
5.4860e-02 3.7141e-02 1.8867e-03 1.3323e-06 7.9903e-06 2.4365e-03 2.8478e-03 4.5663e-03 5.5473e-02 1.0000e+00
5.6113e-02 4.4150e-02 1.7683e-03 1.4479e-05 2.2643e-05 -1.7866e-03 2.9861e-03 4.4135e-03 5.6743e-02 1.0000e+00
5.7366e-02 4.8569e-02 1.8960e-03 9.0690e-06 1.8320e-05 -1.2955e-03 2.9918e-03 4.4385e-03 5.8016e-02 1.0000e+00
5.8618e-02 5.3429e-02 1.8990e-03 3.3555e-06 1.0641e-05 9.7795e-04 3.0446e-03 4.4390e-03 5.9274e-02 1.0000e+00
5.9871e-02 6.4407e-02 1.8568e-03 4.6323e-05 3.5214e-05 -4.6288e-03 3.5645e-03 4.4894e-03 6.0524e-02 1.0000e+00
6.1124e-02 7.2315e-02 2.2984e-03 2.9145e-05 3.2628e-05 -3.6320e-03 3.3120e-03 4.3914e-03 6.1686e-02 1.0000e+00
6.2376e-02 8.8179e-02 2.0421e-03 3.4390e-05 2.8516e-05 -5.1996e-03 3.2898e-03 4.2338e-03 6.2984e-02 1.0000e+00
6.3629e-02 9.6030e-02 2.2361e-03 4.4347e-06 1.0745e-05 -3.7312e-03 3.9245e-03 4.4656e-03 6.4229e-02 1.0000e+00
6.4882e-02 1.0872e-01 2.2708e-03 3.2150e-06 8.7317e-06 -4.3388e-05 3.5884e-03 4.0925e-03 6.5444e-02 1.0000e+00
6.6134e-02 1.2057e-01 2.1524e-03 5.5804e-06 1.0355e-05 -3.0102e-03 3.6631e-03 4.0930e-03 6.6842e-02 1.0000e+00
6.7387e-02 1.3095e-01 2.6332e-03 1.0978e-06 5.3912e-06 -8.4543e-03 4.4854e-03 4.5183e-03 6.8012e-02 1.0000e+00
6.8640e-02 1.2255e-01 2.2040e-03 1.7780e-06 5.9362e-06 6.5465e-03 3.6254e-03 3.9305e-03 6.9257e-02 1.0000e+00
6.9892e-02 1.2273e-01 2.3609e-03 4.8525e-05 3.3196e-05 6.9092e-03 3.8324e-03 4.3025e-03 7.0586e-02 1.0000e+00
7.1145e-02 1.1496e-01 2.1793e-03 1.5878e-05 1.8111e-05 1.4579e-02 3.9518e-03 4.1744e-03 7.1689e-02 1.0000e+00
7.2398e-02 1.1102e-01 2.0434e-03 2.2064e-07 2.0369e-06 2.9007e-03 3.3809e-03 3.9150e-03 7.3028e-02 1.0000e+00
7.3651e-02 9.7865e-02 2.2038e-03 1.5216e-04 6.1453e-05 6.1083e-03 3.5481e-03 4.1756e-03 7.4287e-02 1.0000e+00
7.4903e-02 8.4766e-02 1.7951e-03 3.1984e-06 7.7971e-06 5.3093e-03 3.2398e-03 3.9159e-03 7.5517e-02 1.0000e+00
7.6156e-02 6.8038e-02 1.9305e-03 1.0145e-07 1.6669e-06 9.8761e-03 3.0295e-03 4.0039e-03 7.6838e-02 1.0000e+00
7.7409e-02 6.2687e-02 1.6911e-03 3.0926e-07 2.6559e-06 5.9226e-03 3.0380e-03 4.0975e-03 7.8019e-02 1.0000e+00
7.8661e-02 5.0343e-02 1.5409e-03 1.2555e-06 5.4412e-06 5.5911e-03 2.6252e-03 3.9519e-03 7.9233e-02 1.0000e+00
7.9914e-02 4.7294e-02 1.6148e-03 9.2773e-06 1.5992e-05 7.9987e-04 2.5416e-03 3.7897e-03 8.0527e-02 1.0000e+00
8.1167e-02 3.6119e-02 1.3832e-03 3.0508e-06 8.9887e-06 -2.4000e-03 2.5764e-03 4.0239e-03 8.1788e-02 1.0000e+00
8.2419e-02 3.1470e-02 1.4293e-03 6.1829e-06 1.4166e-05 2.1535e-03 2.2255e-03 3.8377e-03 8.3008e-02 1.0000e+00
8.3672e-02 2.5660e-02 1.2940e-03 1.8087e-05 2.4293e-05 -1.2971e-03 2.0872e-03 3.7028e-03 8.4317e-02 1.0000e+00
8.4925e-02 2.1707e-02 1.2566e-03 9.1431e-07 5.7668e-06 -1.1141e-03 2.1842e-03 4.0819e-03 8.5549e-02 1.0000e+00
8.6177e-02 1.6940e-02 1.2514e-03 1.6700e-05 2.7785e-05 6.7352e-04 1.9569e-03 3.7184e-03 8.6725e-02 1.0000e+00
8.7430e-02 1.3898e-02 1.1495e-03 5.7496e-06 1.6533e-05 -2.1901e-03 1.8572e-03 3.6086e-03 8.8103e-02 1.0000e+00
8.8683e-02 1.3504e-02 1.1560e-03 7.3661e-07 6.0370e-06 -2.2159e-03 1.9294e-03 3.9565e-03 8.9312e-02 1.0000e+00
8.9935e-02 1.1349e-02 1.0913e-03 7.4886e-05 6.2710e-05 -1.5383e-03 1.6931e-03 3.5838e-03 9.0570e-02 1.0000e+00
9.1188e-02 1.2461e-02 1.0892e-03 2.8933e-05 3.7118e-05 -1.5664e-03 1.7142e-03 3.7498e-03 9.1894e-02 1.0000e+00
9.2441e-02 1.0342e-02 1.1052e-03 5.7984e-08 1.8503e-06 1.9707e-03 1.7946e-03 3.8421e-03 9.3014e-02 1.0000e+00
9.3694e-02 1.0738e-02 1.0397e-03 3.5520e-05 4.2292e-05 -1.1831e-03 1.6343e-03 3.5727e-03 9.4313e-02 1.0000e+00
9.4946e-02 6.5871e-03 1.0871e-03 1.0261e-05 3.0342e-05 1.6066e-03 1.7649e-03 3.7223e-03 9.5554e-02 1.0000e+00
9.6199e-02 9.3994e-03 1.0345e-03 2.1197e-06 1.0986e-05 -1.5486e-03 1.7142e-03 3.5738e-03 9.6767e-02 1.0000e+00
9.7452e-02 8.4094e-03 1.0691e-03 3.4998e-05 4.8780e-05 -4.4076e-04 1.6494e-03 3.6003e-03 9.8095e-02 1.0000e+00
9.8704e-02 1.2393e-02 1.0061e-03 5.4807e-07 4.7310e-06 -6.8132e-03 1.8034e-03 3.6676e-03 9.9282e-02 1.0000e+00
9.9957e-02 8.1915e-03 1.0410e-03 2.9496e-05 4.4181e-05 4.4881e-04 1.6091e-03 3.4205e-03 1.0058e-01 1.0000e+00
1.0121e-01 8.2352e-03 1.0544e-03 8.3340e-06 2.3720e-05 1.3669e-03 1.6356e-03 3.6286e-03 1.0187e-01 1.0000e+00
1.0246e-01 9.5327e-03 1.0428e-03 7.0346e-07 6.3344e-06 3.8891e-03 1.8296e-03 3.5766e-03 1.0306e-01 1.0000e+00
1.0372e-01 1.3287e-02 1.0796e-03 1.5222e-06 8.1708e-06 -2.9591e-03 1.6095e-03 3.5526e-03 1.0429e-01 1.0000e+00
1.0497e-01 1.1683e-02 1.0520e-03 2.9291e-07 3.7248e-06 -1.2504e-03 1.6738e-03 3.4228e-03 1.0556e-01 1.0000e+00
1.0622e-01 1.3157e-02 1.0085e-03 3.8844e-06 1.2254e-05 -1.3768e-03 1.7807e-03 3.4805e-03 1.0683e-01 1.0000e+00
1.0747e-01 1.1725e-02 1.0440e-03 9.5207e-07 6.6521e-06 4.0045e-04 1.6078e-03 3.4132e-03 1.0810e-01 1.0000e+00
1.0873e-01 1.3857e-02 9.9426e-04 1.4598e-06 7.2159e-06 -2.4601e-03 1.6380e-03 3.3808e-03 1.0942e-01 1.0000e+00
1.0998e-01 1.2588e-02 1.0712e-03 4.3617e-06 1.4100e-05 -4.1758e-05 1.7670e-03 3.5681e-03 1.1062e-01 1.0000e+00
1.1123e-01 1.3299e-02 1.0433e-03 7.1337e-06 1.7086e-05 -1.9011e-03 1.5988e-03 3.3610e-03 1.1184e-01 1.0000e+00
1.1248e-01 1.2254e-02 1.0415e-03 2.4494e-06 1.0412e-05 2.0271e-03 1.7443e-03 3.5079e-03 1.1311e-01 1.0000e+00
1.1374e-01 1.4038e-02 1.0117e-03 9.1910e-05 5.7909e-05 1.4426e-04 1.7031e-03 3.3620e-03 1.1426e-01 1.0000e+00
1.1499e-01 1.0854e-02 9.8759e-04 9.0963e-06 2.0217e-05 2.6114e-03 1.5867e-03 3.2428e-03 1.1561e-01 1.0000e+00
1.1624e-01 1.0128e-02 1.0490e-03 1.0673e-05 2.4080e-05 -8.9827e-04 1.7222e-03 3.4513e-03 1.1688e-01 1.0000e+00
1.1749e-01 1.0835e-02 1.0024e-03 9.1580e-06 2.0607e-05 3.9737e-03 1.6449e-03 3.2826e-03 1.1807e-01 1.0000e+00
1.1875e-01 1.0809e-02 9.8602e-04 7.5705e-07 5.8351e-06 5.1313e-03 1.5895e-03 3.2736e-03 1.1941e-01 1.0000e+00
1.2000e-01 1.1604e-02 9.7765e-04 3.1845e-05 3.6221e-05 4.1254e-03 1.7940e-03 3.4762e-03 1.2058e-01 1.0000e+00
