Q, Struc, DelStruc, M_Parl_Sub, DelM_Parl_Sub, Q_Unc, Q_mean, Shadow
3.5000e-03 4.1831e+01 1.9603e-01 2.0374e+01 4.2945e-01 2.6878e-03 4.1795e-03 1.0000e+00
4.7527e-03 1.0099e+01 9.1985e-02 8.9676e-01 1.6854e-01 2.2466e-03 5.4397e-03 1.0000e+00
6.0054e-03 4.0505e+00 5.0843e-02 3.8732e-01 9.3930e-02 2.0123e-03 6.6902e-03 1.0000e+00
7.2581e-03 1.9938e+00 3.4513e-02 7.2823e-02 5.9017e-02 1.8473e-03 7.9324e-03 1.0000e+00
8.5108e-03 1.1696e+00 2.4094e-02 -3.5941e-03 4.2065e-02 1.7311e-03 9.1688e-03 1.0000e+00
9.7634e-03 7.4539e-01 1.8615e-02 -9.3321e-03 3.0817e-02 1.6169e-03 1.0401e-02 1.0000e+00
1.1016e-02 5.6177e-01 1.3991e-02 -1.5655e-03 2.4716e-02 1.5133e-03 1.1649e-02 1.0000e+00
1.2269e-02 3.7726e-01 1.2193e-02 2.0507e-02 2.0468e-02 1.4475e-03 1.2903e-02 1.0000e+00
1.3522e-02 3.0613e-01 1.0363e-02 3.3923e-02 1.7304e-02 1.3684e-03 1.4159e-02 1.0000e+00
1.4774e-02 2.5885e-01 9.5027e-03 8.9233e-04 1.4612e-02 1.3100e-03 1.5429e-02 1.0000e+00
1.6027e-02 2.2260e-01 7.9268e-03 -1.0796e-02 1.3003e-02 1.2751e-03 1.6683e-02 1.0000e+00
1.7280e-02 1.8866e-01 7.2939e-03 2.2343e-04 1.2101e-02 1.2201e-03 1.7933e-02 1.0000e+00
1.8532e-02 1.6704e-01 6.9325e-03 -2.1506e-03 1.1235e-02 1.1941e-03 1.9176e-02 1.0000e+00
1.9785e-02 1.4949e-01 6.2714e-03 -2.1080e-02 1.0031e-02 1.1465e-03 2.0419e-02 1.0000e+00
2.1038e-02 1.3939e-01 5.6923e-03 -2.2841e-03 8.9849e-03 1.1062e-03 2.1678e-02 1.0000e+00
2.2290e-02 1.1578e-01 5.2814e-03 7.3626e-03 8.5202e-03 1.0799e-03 2.2942e-02 1.0000e+00
2.3543e-02 1.1125e-01 4.8302e-03 4.6530e-03 8.2096e-03 1.0602e-03 2.4192e-02 1.0000e+00
2.4796e-02 9.8060e-02 4.9738e-03 5.5928e-04 7.6881e-03 1.0237e-03 2.5443e-02 1.0000e+00
2.6048e-02 7.1401e-02 5.4202e-03 1.9793e-02 7.8813e-03 1.0771e-03 2.6664e-02 1.0000e+00
2.7301e-02 7.8045e-02 9.4427e-03 -7.7275e-04 1.0921e-02 1.2094e-03 2.7929e-02 1.0000e+00
2.8554e-02 6.7014e-02 1.0315e-02 1.2025e-02 1.1458e-02 1.3523e-03 2.9162e-02 1.0000e+00
2.9806e-02 7.8317e-02 3.4348e-03 5.7711e-03 6.2743e-03 1.4858e-03 3.0427e-02 1.0000e+00
3.1059e-02 6.4631e-02 3.9776e-03 -6.6255e-03 6.0772e-03 1.4573e-03 3.1659e-02 1.0000e+00
3.2312e-02 7.0091e-02 3.2923e-03 4.7548e-04 5.6676e-03 1.5191e-03 3.2923e-02 1.0000e+00
3.3565e-02 5.9501e-02 3.5427e-03 -1.6824e-03 5.5725e-03 1.5365e-03 3.4182e-02 1.0000e+00
3.4817e-02 5.8448e-02 3.2031e-03 8.2748e-03 5.3946e-03 1.5568e-03 3.5434e-02 1.0000e+00
3.6070e-02 5.2706e-02 3.1446e-03 3.7622e-03 5.3904e-03 1.6053e-03 3.6700e-02 1.0000e+00
3.7323e-02 5.1765e-02 3.0767e-03 5.2602e-03 7.5230e-03 1.9938e-03 3.7913e-02 1.0000e+00
3.8575e-02 5.1583e-02 2.8132e-03 1.5847e-02 1.6030e-02 2.2862e-03 3.9193e-02 1.0000e+00
3.9828e-02 4.3251e-02 3.0614e-03 2.7678e-03 4.6810e-03 2.7142e-03 4.0403e-02 1.0000e+00
4.1081e-02 4.5236e-02 2.7808e-03 -2.8415e-03 4.0769e-03 3.0835e-03 4.1717e-02 1.0000e+00
4.2333e-02 4.4756e-02 2.9077e-03 -8.0039e-03 4.9039e-03 3.7596e-03 4.2968e-02 1.0000e+00
4.3586e-02 4.2611e-02 2.6664e-03 1.9236e-03 4.0138e-03 4.2071e-03 4.4125e-02 1.0000e+00
4.4839e-02 4.3431e-02 2.5108e-03 -6.1772e-03 3.7926e-03 4.7093e-03 4.5536e-02 1.0000e+00
4.6091e-02 3.8341e-02 2.6401e-03 -3.2271e-03 4.3268e-03 5.3431e-03 4.6669e-02 1.0000e+00
4.7344e-02 3.7849e-02 2.4213e-03 3.5371e-03 3.5796e-03 4.4852e-03 4.7932e-02 1.0000e+00
4.8597e-02 3.8076e-02 2.5906e-03 -2.2190e-04 3.8699e-03 4.6754e-03 4.9324e-02 1.0000e+00
4.9849e-02 3.8998e-02 2.2993e-03 1.9076e-03 4.0079e-03 4.8271e-03 5.0477e-02 1.0000e+00
5.1102e-02 3.8117e-02 2.3382e-03 -3.3819e-03 3.4643e-03 4.6196e-03 5.1779e-02 1.0000e+00
5.2355e-02 3.8053e-02 2.4689e-03 2.1073e-03 3.8019e-03 4.7966e-03 5.2970e-02 1.0000e+00
5.3608e-02 4.0764e-02 2.1596e-03 -4.3569e-03 3.5539e-03 4.4619e-03 5.4180e-02 1.0000e+00
5.4860e-02 4.2599e-02 2.2364e-03 -3.5475e-04 3.4518e-03 4.5663e-03 5.5503e-02 1.0000e+00
5.6113e-02 4.5412e-02 2.2023e-03 -2.2534e-03 3.7790e-03 4.5399e-03 5.6719e-02 1.0000e+00
5.7366e-02 4.8073e-02 2.3962e-03 1.4030e-03 3.5334e-03 4.3663e-03 5.7993e-02 1.0000e+00
5.8618e-02 5.1801e-02 2.3246e-03 8.3748e-04 3.4879e-03 4.4390e-03 5.9273e-02 1.0000e+00
5.9871e-02 6.3443e-02 2.3291e-03 -7.3209e-03 3.8051e-03 4.4393e-03 6.0516e-02 1.0000e+00
6.1124e-02 6.8985e-02 2.6473e-03 -6.4321e-03 3.8507e-03 4.4400e-03 6.1705e-02 1.0000e+00
6.2376e-02 8.0070e-02 2.3780e-03 -3.7460e-03 3.6940e-03 4.2337e-03 6.2973e-02 1.0000e+00
6.3629e-02 9.3086e-02 2.5660e-03 -6.3476e-03 4.2910e-03 4.3686e-03 6.4235e-02 1.0000e+00
6.4882e-02 1.0503e-01 2.5916e-03 -6.7894e-04 4.1103e-03 4.1517e-03 6.5470e-02 1.0000e+00
6.6134e-02 1.1398e-01 2.3869e-03 2.1072e-03 4.1345e-03 4.1522e-03 6.6830e-02 1.0000e+00
6.7387e-02 1.1429e-01 2.8124e-03 1.1432e-02 4.6736e-03 4.4424e-03 6.7985e-02 1.0000e+00
6.8640e-02 1.1752e-01 2.3701e-03 5.4101e-03 3.8764e-03 3.8968e-03 6.9279e-02 1.0000e+00
6.9892e-02 1.2115e-01 2.7790e-03 8.2067e-04 4.4475e-03 4.4685e-03 7.0573e-02 1.0000e+00
7.1145e-02 1.0828e-01 2.4543e-03 6.8813e-03 4.3502e-03 4.0197e-03 7.1683e-02 1.0000e+00
7.2398e-02 1.0506e-01 2.3894e-03 7.2431e-03 3.8173e-03 3.9493e-03 7.3068e-02 1.0000e+00
7.3651e-02 9.5203e-02 2.4545e-03 1.7892e-02 4.4723e-03 4.3964e-03 7.4230e-02 1.0000e+00
7.4903e-02 8.1180e-02 2.1101e-03 6.0448e-03 3.5396e-03 3.7575e-03 7.5479e-02 1.0000e+00
7.6156e-02 7.1484e-02 2.1822e-03 3.3526e-03 3.4106e-03 4.0405e-03 7.6844e-02 1.0000e+00
7.7409e-02 6.0264e-02 2.0334e-03 6.3163e-03 3.6009e-03 4.0975e-03 7.7992e-02 1.0000e+00
7.8661e-02 5.2335e-02 1.8807e-03 4.0649e-03 3.0734e-03 3.8681e-03 7.9258e-02 1.0000e+00
7.9914e-02 4.5530e-02 1.8940e-03 2.5576e-03 2.8682e-03 3.8686e-03 8.0551e-02 1.0000e+00
8.1167e-02 3.3434e-02 1.8213e-03 3.7313e-03 3.0583e-03 3.9355e-03 8.1799e-02 1.0000e+00
8.2419e-02 3.1014e-02 1.7311e-03 1.0134e-04 2.6610e-03 3.9195e-03 8.3035e-02 1.0000e+00
8.3672e-02 2.5123e-02 1.6658e-03 1.9297e-03 2.5473e-03 3.7028e-03 8.4315e-02 1.0000e+00
8.4925e-02 2.2274e-02 1.5154e-03 -1.2610e-03 2.5846e-03 3.9721e-03 8.5565e-02 1.0000e+00
8.6177e-02 1.5892e-02 1.5079e-03 1.0815e-03 2.3385e-03 3.8080e-03 8.6746e-02 1.0000e+00
8.7430e-02 1.5768e-02 1.4719e-03 -1.7216e-03 2.2850e-03 3.6487e-03 8.8082e-02 1.0000e+00
8.8683e-02 1.0237e-02 1.5454e-03 1.9100e-03 2.4415e-03 3.8725e-03 8.9291e-02 1.0000e+00
8.9935e-02 1.0090e-02 1.4923e-03 -8.5124e-04 2.1814e-03 3.6636e-03 9.0556e-02 1.0000e+00
9.1188e-02 9.2463e-03 1.4856e-03 -2.6503e-03 2.3020e-03 3.7204e-03 9.1853e-02 1.0000e+00
9.2441e-02 9.0494e-03 1.3941e-03 7.1161e-04 2.2185e-03 3.8110e-03 9.2990e-02 1.0000e+00
9.3694e-02 8.1331e-03 1.4497e-03 -8.7435e-04 2.1560e-03 3.5855e-03 9.4305e-02 1.0000e+00
9.4946e-02 8.6802e-03 1.3054e-03 -3.5057e-04 2.1998e-03 3.8275e-03 9.5489e-02 1.0000e+00
9.6199e-02 7.0871e-03 1.4215e-03 2.3356e-03 2.1624e-03 3.4186e-03 9.6761e-02 1.0000e+00
9.7452e-02 6.7469e-03 1.4683e-03 1.5190e-03 2.1185e-03 3.6537e-03 9.8123e-02 1.0000e+00
9.8704e-02 6.1926e-03 1.4167e-03 3.0635e-03 2.2812e-03 3.5747e-03 9.9304e-02 1.0000e+00
9.9957e-02 9.3622e-03 1.2987e-03 -1.1220e-03 2.1049e-03 3.4778e-03 1.0063e-01 1.0000e+00
1.0121e-01 9.2467e-03 1.3630e-03 5.6261e-04 2.0910e-03 3.7849e-03 1.0184e-01 1.0000e+00
1.0246e-01 7.3892e-03 1.4318e-03 1.7752e-03 2.2195e-03 3.4213e-03 1.0303e-01 1.0000e+00
1.0372e-01 1.1072e-02 1.3175e-03 -2.9851e-04 2.0989e-03 3.5525e-03 1.0433e-01 1.0000e+00
1.0497e-01 1.1105e-02 1.3350e-03 -2.1292e-03 2.1236e-03 3.4454e-03 1.0559e-01 1.0000e+00
1.0622e-01 9.9126e-03 1.3367e-03 -2.6441e-04 2.2801e-03 3.4459e-03 1.0686e-01 1.0000e+00
1.0747e-01 9.9209e-03 1.3613e-03 2.1610e-03 2.0563e-03 3.4935e-03 1.0812e-01 1.0000e+00
1.0873e-01 1.1183e-02 1.3060e-03 4.9278e-04 2.1462e-03 3.4246e-03 1.0939e-01 1.0000e+00
1.0998e-01 1.1529e-02 1.3220e-03 3.6814e-03 2.1991e-03 3.4828e-03 1.1059e-01 1.0000e+00
1.1123e-01 1.0139e-02 1.3755e-03 2.7087e-03 2.0956e-03 3.3716e-03 1.1185e-01 1.0000e+00
1.1248e-01 1.2220e-02 1.3502e-03 7.6319e-05 2.1715e-03 3.5197e-03 1.1310e-01 1.0000e+00
1.1374e-01 1.0764e-02 1.3556e-03 7.6168e-04 2.2685e-03 3.3207e-03 1.1427e-01 1.0000e+00
1.1499e-01 1.2547e-02 1.2630e-03 1.2128e-03 1.9976e-03 3.2428e-03 1.1564e-01 1.0000e+00
1.1624e-01 1.0928e-02 1.3856e-03 5.2322e-03 2.2889e-03 3.5587e-03 1.1686e-01 1.0000e+00
1.1749e-01 1.3353e-02 1.2861e-03 8.0227e-04 2.0523e-03 3.1887e-03 1.1807e-01 1.0000e+00
1.1875e-01 1.1826e-02 1.2142e-03 1.1014e-03 2.0136e-03 3.2834e-03 1.1944e-01 1.0000e+00
1.2000e-01 1.0909e-02 1.2822e-03 1.6052e-03 2.1771e-03 3.4881e-03 1.2058e-01 1.0000e+00
