Q, I, DelI, Q_Unc, Q_mean, Shadow
3.5000e-03 5.8067e+01 1.3312e-01 2.5882e-03 4.1925e-03 1.0000e+00
4.7527e-03 1.2218e+01 5.5726e-02 2.3278e-03 5.4526e-03 1.0000e+00
6.0054e-03 4.7168e+00 3.0977e-02 1.9906e-03 6.6801e-03 1.0000e+00
7.2581e-03 2.2546e+00 2.0102e-02 1.8646e-03 7.9265e-03 1.0000e+00
8.5108e-03 1.2725e+00 1.3948e-02 1.7104e-03 9.1639e-03 1.0000e+00
9.7634e-03 8.2664e-01 1.0563e-02 1.6170e-03 1.0409e-02 1.0000e+00
1.1016e-02 5.6489e-01 8.2247e-03 1.4994e-03 1.1670e-02 1.0000e+00
1.2269e-02 4.2608e-01 6.9698e-03 1.4517e-03 1.2927e-02 1.0000e+00
1.3522e-02 3.3792e-01 5.8419e-03 1.3684e-03 1.4178e-02 1.0000e+00
1.4774e-02 2.6854e-01 5.1859e-03 1.3351e-03 1.5422e-02 1.0000e+00
1.6027e-02 2.3308e-01 4.5100e-03 1.2723e-03 1.6657e-02 1.0000e+00
1.7280e-02 2.0657e-01 4.1831e-03 1.2250e-03 1.7905e-02 1.0000e+00
1.8532e-02 1.7517e-01 3.7775e-03 1.1782e-03 1.9162e-02 1.0000e+00
1.9785e-02 1.5313e-01 3.4887e-03 1.1465e-03 2.0420e-02 1.0000e+00
2.1038e-02 1.3812e-01 3.1711e-03 1.1098e-03 2.1677e-02 1.0000e+00
2.2290e-02 1.2777e-01 3.0059e-03 1.0816e-03 2.2936e-02 1.0000e+00
2.3543e-02 1.0730e-01 2.7679e-03 1.0538e-03 2.4189e-02 1.0000e+00
2.4796e-02 1.0419e-01 2.6602e-03 1.0252e-03 2.5446e-02 1.0000e+00
2.6048e-02 9.9264e-02 2.6860e-03 1.0788e-03 2.6667e-02 1.0000e+00
2.7301e-02 9.3370e-02 2.8351e-03 1.2275e-03 2.7912e-02 1.0000e+00
2.8554e-02 8.1180e-02 2.7594e-03 1.3374e-03 2.9142e-02 1.0000e+00
2.9806e-02 7.6887e-02 2.7490e-03 1.4575e-03 3.0430e-02 1.0000e+00
3.1059e-02 7.3594e-02 2.7474e-03 1.4573e-03 3.1684e-02 1.0000e+00
3.2312e-02 6.6137e-02 2.6196e-03 1.5272e-03 3.2935e-02 1.0000e+00
3.3565e-02 5.9377e-02 2.6659e-03 1.5371e-03 3.4188e-02 1.0000e+00
3.4817e-02 5.9148e-02 2.5761e-03 1.5851e-03 3.5428e-02 1.0000e+00
3.6070e-02 5.8316e-02 2.5846e-03 1.6051e-03 3.6679e-02 1.0000e+00
3.7323e-02 5.0722e-02 2.7304e-03 1.9127e-03 3.7893e-02 1.0000e+00
3.8575e-02 5.3541e-02 2.7499e-03 2.3093e-03 3.9207e-02 1.0000e+00
3.9828e-02 4.6779e-02 3.0937e-03 2.6237e-03 4.0410e-02 1.0000e+00
4.1081e-02 4.7506e-02 2.4099e-03 3.0615e-03 4.1704e-02 1.0000e+00
4.2333e-02 4.6870e-02 2.5898e-03 3.6858e-03 4.2984e-02 1.0000e+00
4.3586e-02 4.8800e-02 2.2403e-03 4.2071e-03 4.4112e-02 1.0000e+00
4.4839e-02 4.0207e-02 1.6125e-03 4.6284e-03 4.5510e-02 1.0000e+00
4.6091e-02 4.2687e-02 1.5940e-03 5.3431e-03 4.6674e-02 1.0000e+00
4.7344e-02 4.0466e-02 1.4290e-03 4.5370e-03 4.7894e-02 1.0000e+00
4.8597e-02 4.1321e-02 1.4260e-03 4.6468e-03 4.9286e-02 1.0000e+00
4.9849e-02 4.2086e-02 1.4451e-03 4.8592e-03 5.0443e-02 1.0000e+00
5.1102e-02 3.8715e-02 1.4030e-03 4.5383e-03 5.1748e-02 1.0000e+00
5.2355e-02 3.9482e-02 1.3990e-03 4.8281e-03 5.2963e-02 1.0000e+00
5.3608e-02 4.2531e-02 1.3412e-03 4.4619e-03 5.4166e-02 1.0000e+00
5.4860e-02 4.4120e-02 1.3857e-03 4.5663e-03 5.5473e-02 1.0000e+00
5.6113e-02 4.4032e-02 1.3221e-03 4.4135e-03 5.6743e-02 1.0000e+00
5.7366e-02 4.7857e-02 1.3533e-03 4.4385e-03 5.8016e-02 1.0000e+00
5.8618e-02 5.5440e-02 1.3607e-03 4.4390e-03 5.9274e-02 1.0000e+00
5.9871e-02 6.2446e-02 1.3855e-03 4.4894e-03 6.0524e-02 1.0000e+00
6.1124e-02 7.0210e-02 1.4438e-03 4.3914e-03 6.1686e-02 1.0000e+00
6.2376e-02 8.2956e-02 1.4852e-03 4.2338e-03 6.2984e-02 1.0000e+00
6.3629e-02 9.5177e-02 1.5899e-03 4.4656e-03 6.4229e-02 1.0000e+00
6.4882e-02 1.0596e-01 1.5731e-03 4.0925e-03 6.5444e-02 1.0000e+00
6.6134e-02 1.1958e-01 1.6042e-03 4.0930e-03 6.6842e-02 1.0000e+00
6.7387e-02 1.2400e-01 1.7447e-03 4.5183e-03 6.8012e-02 1.0000e+00
6.8640e-02 1.3151e-01 1.5784e-03 3.9305e-03 6.9257e-02 1.0000e+00
6.9892e-02 1.2890e-01 1.7143e-03 4.3025e-03 7.0586e-02 1.0000e+00
7.1145e-02 1.2029e-01 1.6521e-03 4.1744e-03 7.1689e-02 1.0000e+00
7.2398e-02 1.1137e-01 1.4852e-03 3.9150e-03 7.3028e-02 1.0000e+00
7.3651e-02 1.0470e-01 1.4972e-03 4.1756e-03 7.4287e-02 1.0000e+00
7.4903e-02 8.9576e-02 1.3954e-03 3.9159e-03 7.5517e-02 1.0000e+00
7.6156e-02 7.7161e-02 1.3269e-03 4.0039e-03 7.6838e-02 1.0000e+00
7.7409e-02 6.7963e-02 1.2767e-03 4.0975e-03 7.8019e-02 1.0000e+00
7.8661e-02 5.7384e-02 1.2160e-03 3.9519e-03 7.9233e-02 1.0000e+00
7.9914e-02 4.9727e-02 1.0814e-03 3.7897e-03 8.0527e-02 1.0000e+00
8.1167e-02 3.8103e-02 1.0638e-03 4.0239e-03 8.1788e-02 1.0000e+00
8.2419e-02 3.4447e-02 1.0355e-03 3.8377e-03 8.3008e-02 1.0000e+00
8.3672e-02 2.9112e-02 9.3797e-04 3.7028e-03 8.4317e-02 1.0000e+00
8.4925e-02 2.2311e-02 9.4836e-04 4.0819e-03 8.5549e-02 1.0000e+00
8.6177e-02 1.8827e-02 8.7961e-04 3.7184e-03 8.6725e-02 1.0000e+00
8.7430e-02 1.7132e-02 8.2929e-04 3.6086e-03 8.8103e-02 1.0000e+00
8.8683e-02 1.3498e-02 8.6461e-04 3.9565e-03 8.9312e-02 1.0000e+00
8.9935e-02 1.1229e-02 8.1960e-04 3.5838e-03 9.0570e-02 1.0000e+00
9.1188e-02 1.0179e-02 8.1966e-04 3.7498e-03 9.1894e-02 1.0000e+00
9.2441e-02 1.0952e-02 8.1684e-04 3.8421e-03 9.3014e-02 1.0000e+00
9.3694e-02 8.3508e-03 7.7787e-04 3.5727e-03 9.4313e-02 1.0000e+00
9.4946e-02 9.1380e-03 7.6452e-04 3.7223e-03 9.5554e-02 1.0000e+00
9.6199e-02 1.0359e-02 7.6857e-04 3.5738e-03 9.6767e-02 1.0000e+00
9.7452e-02 9.2782e-03 7.6761e-04 3.6003e-03 9.8095e-02 1.0000e+00
9.8704e-02 9.4034e-03 7.8000e-04 3.6676e-03 9.9282e-02 1.0000e+00
9.9957e-02 1.0142e-02 7.8320e-04 3.4205e-03 1.0058e-01 1.0000e+00
1.0121e-01 9.2639e-03 7.5782e-04 3.6286e-03 1.0187e-01 1.0000e+00
1.0246e-01 1.1085e-02 7.5915e-04 3.5766e-03 1.0306e-01 1.0000e+00
1.0372e-01 1.1179e-02 7.8608e-04 3.5526e-03 1.0429e-01 1.0000e+00
1.0497e-01 1.1416e-02 7.7439e-04 3.4228e-03 1.0556e-01 1.0000e+00
1.0622e-01 1.2016e-02 7.7505e-04 3.4805e-03 1.0683e-01 1.0000e+00
1.0747e-01 1.2854e-02 7.7325e-04 3.4132e-03 1.0810e-01 1.0000e+00
1.0873e-01 1.3823e-02 7.6195e-04 3.3808e-03 1.0942e-01 1.0000e+00
1.0998e-01 1.3984e-02 7.6294e-04 3.5681e-03 1.1062e-01 1.0000e+00
1.1123e-01 1.3105e-02 7.6216e-04 3.3610e-03 1.1184e-01 1.0000e+00
1.1248e-01 1.3476e-02 7.5196e-04 3.5079e-03 1.1311e-01 1.0000e+00
1.1374e-01 1.3088e-02 7.7952e-04 3.3620e-03 1.1426e-01 1.0000e+00
1.1499e-01 1.5065e-02 7.4739e-04 3.2428e-03 1.1561e-01 1.0000e+00
1.1624e-01 1.3149e-02 7.5884e-04 3.4513e-03 1.1688e-01 1.0000e+00
1.1749e-01 1.4132e-02 7.3856e-04 3.2826e-03 1.1807e-01 1.0000e+00
1.1875e-01 1.2872e-02 7.3826e-04 3.2736e-03 1.1941e-01 1.0000e+00
1.2000e-01 1.1905e-02 7.4258e-04 3.4762e-03 1.2058e-01 1.0000e+00
