Q, UU, DelUU, DU, DelDU, DD, DelDD, UD, DelUD, Q_Unc, Q_mean, Shadow
3.5000e-03 6.8092e+01 1.0847e-01 -4.7642e-02 1.0916e-02 7.4426e+01 1.1135e-01 -2.5014e-02 1.0854e-02 2.6878e-03 4.1795e-03 1.0000e+00
4.7527e-03 1.2055e+01 4.0726e-02 1.1617e-01 5.6483e-03 1.3019e+01 4.1544e-02 1.2262e-01 5.6362e-03 2.2466e-03 5.4397e-03 1.0000e+00
6.0054e-03 4.3913e+00 2.3737e-02 1.1247e-01 4.7441e-03 4.8718e+00 2.4459e-02 1.1679e-01 4.7352e-03 2.0123e-03 6.6902e-03 1.0000e+00
7.2581e-03 2.2114e+00 1.4928e-02 1.1244e-01 3.8024e-03 2.2782e+00 1.4939e-02 1.0840e-01 3.7667e-03 1.8473e-03 7.9324e-03 1.0000e+00
8.5108e-03 1.2037e+00 1.0765e-02 1.1545e-01 3.5362e-03 1.2785e+00 1.0891e-02 1.1344e-01 3.5110e-03 1.7311e-03 9.1688e-03 1.0000e+00
9.7634e-03 7.4060e-01 8.2956e-03 1.0477e-01 3.1050e-03 7.7703e-01 8.3463e-03 9.1992e-02 3.0313e-03 1.6169e-03 1.0401e-02 1.0000e+00
1.1016e-02 5.4096e-01 6.5436e-03 1.0077e-01 2.8301e-03 5.5128e-01 6.5226e-03 1.0410e-01 2.8347e-03 1.5133e-03 1.1649e-02 1.0000e+00
1.2269e-02 3.6735e-01 5.3606e-03 9.9394e-02 2.7131e-03 3.9287e-01 5.4238e-03 1.0138e-01 2.7116e-03 1.4475e-03 1.2903e-02 1.0000e+00
1.3522e-02 2.5061e-01 4.6545e-03 7.5662e-02 2.6889e-03 2.6076e-01 4.6643e-03 7.7135e-02 2.6868e-03 1.3684e-03 1.4159e-02 1.0000e+00
1.4774e-02 2.2613e-01 4.0674e-03 9.5706e-02 2.3558e-03 2.2553e-01 4.0334e-03 1.0065e-01 2.3681e-03 1.3100e-03 1.5429e-02 1.0000e+00
1.6027e-02 1.5153e-01 3.6585e-03 9.8282e-02 2.3568e-03 1.8480e-01 3.8001e-03 7.3770e-02 2.2498e-03 1.2751e-03 1.6683e-02 1.0000e+00
1.7280e-02 1.6518e-01 3.5218e-03 6.9958e-02 2.2647e-03 1.4850e-01 3.4170e-03 7.9272e-02 2.2932e-03 1.2201e-03 1.7933e-02 1.0000e+00
1.8532e-02 1.1002e-01 3.2296e-03 7.3766e-02 2.2121e-03 1.2770e-01 3.3002e-03 7.0711e-02 2.1940e-03 1.1941e-03 1.9176e-02 1.0000e+00
1.9785e-02 1.1362e-01 2.9290e-03 7.7622e-02 2.0523e-03 1.2670e-01 2.9774e-03 7.7341e-02 2.0452e-03 1.1465e-03 2.0419e-02 1.0000e+00
2.1038e-02 1.0261e-01 2.7310e-03 6.9197e-02 1.9128e-03 1.0607e-01 2.7335e-03 7.1989e-02 1.9180e-03 1.1062e-03 2.1678e-02 1.0000e+00
2.2290e-02 8.4361e-02 2.6107e-03 5.2114e-02 2.0246e-03 8.3130e-02 2.5913e-03 4.9818e-02 2.0127e-03 1.0799e-03 2.2942e-02 1.0000e+00
2.3543e-02 6.3761e-02 2.5050e-03 6.6015e-02 1.8100e-03 6.6401e-02 2.5071e-03 5.5906e-02 1.7702e-03 1.0602e-03 2.4192e-02 1.0000e+00
2.4796e-02 5.9481e-02 2.2893e-03 6.3188e-02 1.8068e-03 7.8801e-02 2.3765e-03 5.4304e-02 1.7735e-03 1.0237e-03 2.5443e-02 1.0000e+00
2.6048e-02 6.2764e-02 2.2920e-03 4.5302e-02 1.7210e-03 5.5202e-02 2.2434e-03 5.1222e-02 1.7378e-03 1.0771e-03 2.6664e-02 1.0000e+00
2.7301e-02 4.8781e-02 2.1819e-03 4.7960e-02 1.6889e-03 6.4959e-02 2.2534e-03 4.6071e-02 1.6796e-03 1.2094e-03 2.7929e-02 1.0000e+00
2.8554e-02 4.7472e-02 2.1443e-03 4.6419e-02 1.6843e-03 4.8947e-02 2.1438e-03 4.8277e-02 1.6875e-03 1.3523e-03 2.9162e-02 1.0000e+00
2.9806e-02 4.0124e-02 2.2905e-03 3.9881e-02 1.7217e-03 4.1002e-02 2.2867e-03 4.2149e-02 1.7276e-03 1.4858e-03 3.0427e-02 1.0000e+00
3.1059e-02 4.7233e-02 2.2962e-03 3.5880e-02 1.7675e-03 4.4173e-02 2.2704e-03 3.4955e-02 1.7625e-03 1.4573e-03 3.1659e-02 1.0000e+00
3.2312e-02 5.6993e-02 2.3254e-03 2.3177e-02 1.7497e-03 5.5751e-02 2.3100e-03 3.1479e-02 1.7810e-03 1.5191e-03 3.2923e-02 1.0000e+00
3.3565e-02 4.4591e-02 2.3484e-03 3.1897e-02 1.7044e-03 3.8742e-02 2.3009e-03 3.4270e-02 1.7128e-03 1.5365e-03 3.4182e-02 1.0000e+00
3.4817e-02 3.4645e-02 2.3489e-03 2.8243e-02 1.8606e-03 4.1040e-02 2.3798e-03 2.3407e-02 1.8398e-03 1.5568e-03 3.5434e-02 1.0000e+00
3.6070e-02 6.7361e-02 2.3595e-03 2.2379e-02 1.8942e-03 6.4090e-02 2.3263e-03 1.5081e-02 1.8599e-03 1.6053e-03 3.6700e-02 1.0000e+00
3.7323e-02 4.4735e-02 2.3205e-03 2.6876e-02 1.9014e-03 4.9086e-02 2.3480e-03 2.1823e-02 1.8752e-03 1.9938e-03 3.7913e-02 1.0000e+00
3.8575e-02 3.9220e-02 2.3820e-03 3.1133e-02 1.7829e-03 4.8467e-02 2.4480e-03 2.8435e-02 1.7686e-03 2.2862e-03 3.9193e-02 1.0000e+00
3.9828e-02 3.1951e-02 2.5346e-03 1.7681e-02 1.9461e-03 4.7991e-02 2.6547e-03 1.6987e-02 1.9428e-03 2.7142e-03 4.0403e-02 1.0000e+00
4.1081e-02 4.2565e-02 2.4007e-03 1.8733e-02 1.9747e-03 6.4194e-02 2.5824e-03 2.8730e-02 2.0283e-03 3.0835e-03 4.1717e-02 1.0000e+00
4.2333e-02 2.0820e-02 2.9337e-03 1.7993e-02 2.3692e-03 1.7109e-02 2.8851e-03 1.4868e-02 2.3485e-03 3.7596e-03 4.2968e-02 1.0000e+00
4.3586e-02 3.4599e-02 2.5582e-03 1.4881e-02 1.9033e-03 3.3198e-02 2.4870e-03 1.3424e-02 1.9169e-03 4.2071e-03 4.4125e-02 1.0000e+00
4.4839e-02 2.9203e-02 1.5631e-03 2.2535e-02 8.5433e-04 3.9353e-02 1.5527e-03 2.0022e-02 9.2666e-04 4.7093e-03 4.5536e-02 1.0000e+00
4.6091e-02 3.3837e-02 1.2444e-03 1.0449e-02 7.7728e-04 4.0816e-02 1.3006e-03 1.1190e-02 7.7703e-04 5.3431e-03 4.6669e-02 1.0000e+00
4.7344e-02 3.1796e-02 1.2087e-03 1.4355e-02 6.8933e-04 3.8544e-02 1.2393e-03 1.2326e-02 6.7448e-04 4.4852e-03 4.7932e-02 1.0000e+00
4.8597e-02 3.2227e-02 1.1529e-03 1.6775e-02 6.2362e-04 3.2476e-02 1.1460e-03 1.6236e-02 6.2821e-04 4.6754e-03 4.9324e-02 1.0000e+00
4.9849e-02 3.9640e-02 1.2636e-03 1.0255e-02 6.6366e-04 3.4833e-02 1.2061e-03 9.9380e-03 6.6064e-04 4.8271e-03 5.0477e-02 1.0000e+00
5.1102e-02 4.1219e-02 1.3327e-03 8.5147e-03 5.8826e-04 3.1429e-02 1.2266e-03 1.3686e-02 6.3205e-04 4.6196e-03 5.1779e-02 1.0000e+00
5.2355e-02 3.9370e-02 1.0844e-03 9.7005e-03 5.9520e-04 4.6551e-02 1.1207e-03 7.8120e-03 5.8458e-04 4.7966e-03 5.2970e-02 1.0000e+00
5.3608e-02 3.4420e-02 1.1785e-03 9.7948e-03 5.9120e-04 3.7949e-02 1.1848e-03 1.1282e-02 5.9323e-04 4.4619e-03 5.4180e-02 1.0000e+00
5.4860e-02 4.3666e-02 1.0996e-03 6.3968e-03 6.0292e-04 3.9213e-02 1.0641e-03 8.9347e-03 6.1546e-04 4.5663e-03 5.5503e-02 1.0000e+00
5.6113e-02 4.5371e-02 1.0993e-03 9.1632e-03 5.5964e-04 4.6177e-02 1.0930e-03 7.9404e-03 5.5545e-04 4.5399e-03 5.6719e-02 1.0000e+00
5.7366e-02 4.5410e-02 1.1810e-03 1.3947e-03 6.1004e-04 4.9690e-02 1.1943e-03 1.5559e-03 6.0999e-04 4.3663e-03 5.7993e-02 1.0000e+00
5.8618e-02 5.8688e-02 1.1692e-03 7.1261e-03 5.9875e-04 5.1908e-02 1.1215e-03 2.5305e-03 5.7004e-04 4.4390e-03 5.9273e-02 1.0000e+00
5.9871e-02 6.4235e-02 1.1312e-03 5.9020e-03 5.3808e-04 6.3399e-02 1.1183e-03 5.0320e-03 5.3334e-04 4.4393e-03 6.0516e-02 1.0000e+00
6.1124e-02 7.9892e-02 1.1898e-03 4.8977e-03 5.1501e-04 7.9833e-02 1.1778e-03 6.3404e-03 5.2209e-04 4.4400e-03 6.1705e-02 1.0000e+00
6.2376e-02 8.8911e-02 1.2631e-03 4.4057e-03 5.3128e-04 9.1124e-02 1.2608e-03 3.9877e-03 5.2849e-04 4.2337e-03 6.2973e-02 1.0000e+00
6.3629e-02 1.0956e-01 1.2465e-03 3.4039e-03 5.2163e-04 1.1274e-01 1.2461e-03 1.8496e-03 5.1473e-04 4.3686e-03 6.4235e-02 1.0000e+00
6.4882e-02 1.1511e-01 1.3064e-03 2.2070e-03 5.1143e-04 1.2500e-01 1.3292e-03 5.2812e-03 5.2448e-04 4.1517e-03 6.5470e-02 1.0000e+00
6.6134e-02 1.2108e-01 1.3519e-03 5.0860e-03 4.9795e-04 1.3040e-01 1.3713e-03 3.6527e-03 4.9032e-04 4.1522e-03 6.6830e-02 1.0000e+00
6.7387e-02 1.2942e-01 1.3125e-03 3.8420e-04 5.0794e-04 1.4498e-01 1.3511e-03 2.4821e-03 5.1610e-04 4.4424e-03 6.7985e-02 1.0000e+00
6.8640e-02 1.3500e-01 1.3406e-03 8.3879e-04 4.9293e-04 1.4442e-01 1.3590e-03 2.2685e-03 4.9884e-04 3.8968e-03 6.9279e-02 1.0000e+00
6.9892e-02 1.3310e-01 1.3886e-03 1.4351e-03 5.1639e-04 1.4497e-01 1.4160e-03 -1.1339e-03 5.0330e-04 4.4685e-03 7.0573e-02 1.0000e+00
7.1145e-02 1.3228e-01 1.2270e-03 8.4214e-04 4.7922e-04 1.4286e-01 1.2476e-03 8.8228e-04 4.7887e-04 4.0197e-03 7.1683e-02 1.0000e+00
7.2398e-02 1.1643e-01 1.2126e-03 -1.8928e-04 4.8682e-04 1.3300e-01 1.2564e-03 2.5430e-04 4.8789e-04 3.9493e-03 7.3068e-02 1.0000e+00
7.3651e-02 1.0528e-01 1.1621e-03 -5.6166e-05 5.1072e-04 1.1118e-01 1.1716e-03 -1.1725e-03 5.0583e-04 4.3964e-03 7.4230e-02 1.0000e+00
7.4903e-02 9.3454e-02 1.1252e-03 3.6540e-03 4.4316e-04 1.0420e-01 1.1539e-03 4.1733e-03 4.4495e-04 3.7575e-03 7.5479e-02 1.0000e+00
7.6156e-02 8.2129e-02 1.0867e-03 1.4358e-03 4.4401e-04 9.4841e-02 1.1244e-03 1.4756e-03 4.4356e-04 4.0405e-03 7.6844e-02 1.0000e+00
7.7409e-02 6.9929e-02 1.0051e-03 2.5053e-03 4.2454e-04 8.3918e-02 1.0508e-03 3.8827e-03 4.3027e-04 4.0975e-03 7.7992e-02 1.0000e+00
7.8661e-02 6.0047e-02 9.7144e-04 -3.5685e-04 4.3590e-04 6.6203e-02 9.8847e-04 3.5848e-05 4.3742e-04 3.8681e-03 7.9258e-02 1.0000e+00
7.9914e-02 4.7788e-02 8.8250e-04 -1.8878e-04 4.5176e-04 5.1206e-02 8.8924e-04 -9.0130e-04 4.4871e-04 3.8686e-03 8.0551e-02 1.0000e+00
8.1167e-02 3.9909e-02 8.8031e-04 1.9247e-03 4.3235e-04 4.0637e-02 8.7702e-04 9.0533e-04 4.2780e-04 3.9355e-03 8.1799e-02 1.0000e+00
8.2419e-02 3.9908e-02 8.4592e-04 9.4904e-04 4.4034e-04 3.8213e-02 8.3220e-04 1.0614e-03 4.4064e-04 3.9195e-03 8.3035e-02 1.0000e+00
8.3672e-02 2.9322e-02 7.7032e-04 1.9095e-03 4.3672e-04 3.3681e-02 7.8417e-04 2.2703e-03 4.3767e-04 3.7028e-03 8.4315e-02 1.0000e+00
8.4925e-02 2.1021e-02 7.6541e-04 -6.8850e-04 4.3608e-04 3.2810e-02 8.1832e-04 -8.6893e-04 4.3475e-04 3.9721e-03 8.5565e-02 1.0000e+00
8.6177e-02 2.2496e-02 7.4219e-04 -5.1670e-04 4.1857e-04 2.3215e-02 7.4089e-04 2.2623e-05 4.2076e-04 3.8080e-03 8.6746e-02 1.0000e+00
8.7430e-02 1.6595e-02 6.8436e-04 1.5375e-04 4.2048e-04 2.1751e-02 7.0302e-04 -1.6906e-04 4.1906e-04 3.6487e-03 8.8082e-02 1.0000e+00
8.8683e-02 1.6837e-02 6.9778e-04 2.6739e-03 4.0229e-04 1.3298e-02 6.7620e-04 2.1868e-03 4.0011e-04 3.8725e-03 8.9291e-02 1.0000e+00
8.9935e-02 1.5690e-02 6.7634e-04 4.6042e-04 4.1724e-04 1.6776e-02 6.7793e-04 -7.8816e-04 4.1213e-04 3.6636e-03 9.0556e-02 1.0000e+00
9.1188e-02 1.1066e-02 6.2468e-04 1.4730e-03 3.8574e-04 1.2759e-02 6.2940e-04 4.8262e-04 3.8189e-04 3.7204e-03 9.1853e-02 1.0000e+00
9.2441e-02 7.0063e-03 6.8825e-04 9.7812e-04 4.2222e-04 7.5888e-03 6.8799e-04 1.2384e-03 4.2313e-04 3.8110e-03 9.2990e-02 1.0000e+00
9.3694e-02 3.5238e-03 6.6323e-04 8.2813e-04 3.8883e-04 2.2469e-03 6.5348e-04 9.2595e-04 3.8910e-04 3.5855e-03 9.4305e-02 1.0000e+00
9.4946e-02 2.7412e-03 6.2750e-04 6.4271e-04 3.8799e-04 7.2020e-03 6.4594e-04 7.2181e-04 3.8809e-04 3.8275e-03 9.5489e-02 1.0000e+00
9.6199e-02 9.3626e-03 6.2679e-04 -2.1983e-03 4.2036e-04 1.0179e-02 6.2756e-04 -1.5584e-03 4.2243e-04 3.4186e-03 9.6761e-02 1.0000e+00
9.7452e-02 9.4427e-03 6.2947e-04 2.0402e-03 3.7735e-04 1.0858e-02 6.3304e-04 1.3396e-03 3.7434e-04 3.6537e-03 9.8123e-02 1.0000e+00
9.8704e-02 4.4116e-03 6.1571e-04 2.0207e-03 3.7691e-04 7.1541e-03 6.2499e-04 1.1464e-03 3.7352e-04 3.5747e-03 9.9304e-02 1.0000e+00
9.9957e-02 3.5523e-03 6.8420e-04 1.0925e-03 3.9499e-04 3.0246e-03 6.7826e-04 3.4370e-03 4.0480e-04 3.4778e-03 1.0063e-01 1.0000e+00
1.0121e-01 8.7357e-03 6.4083e-04 1.0051e-03 3.8599e-04 9.0905e-03 6.3920e-04 9.7475e-04 3.8565e-04 3.7849e-03 1.0184e-01 1.0000e+00
1.0246e-01 9.9223e-03 5.9871e-04 1.9797e-03 3.6799e-04 8.6358e-03 5.9008e-04 1.9399e-04 3.6148e-04 3.4213e-03 1.0303e-01 1.0000e+00
1.0372e-01 8.1063e-03 6.6091e-04 -9.4691e-04 4.1335e-04 9.8469e-03 6.6549e-04 -1.4099e-03 4.1144e-04 3.5525e-03 1.0433e-01 1.0000e+00
1.0497e-01 1.5782e-02 6.0983e-04 8.4279e-04 3.8587e-04 1.8473e-02 6.1855e-04 -4.1781e-04 3.8104e-04 3.4454e-03 1.0559e-01 1.0000e+00
1.0622e-01 1.0250e-02 6.1019e-04 -2.0899e-04 3.7864e-04 1.1901e-02 6.1402e-04 -1.3613e-04 3.7870e-04 3.4459e-03 1.0686e-01 1.0000e+00
1.0747e-01 1.5207e-02 6.1946e-04 -6.4118e-05 3.8059e-04 1.6948e-02 6.2434e-04 7.7467e-04 3.8374e-04 3.4935e-03 1.0812e-01 1.0000e+00
1.0873e-01 1.1929e-02 6.1986e-04 1.6762e-03 3.7429e-04 9.9353e-03 6.0775e-04 2.2941e-03 3.7636e-04 3.4246e-03 1.0939e-01 1.0000e+00
1.0998e-01 1.1784e-02 5.9490e-04 1.9746e-03 3.4749e-04 1.5901e-02 6.0956e-04 2.8683e-03 3.5059e-04 3.4828e-03 1.1059e-01 1.0000e+00
1.1123e-01 6.9700e-03 6.0081e-04 1.9588e-03 3.6845e-04 1.2437e-02 6.2364e-04 7.7356e-04 3.6343e-04 3.3716e-03 1.1185e-01 1.0000e+00
1.1248e-01 1.1493e-02 6.1293e-04 9.8162e-04 3.5722e-04 1.1759e-02 6.1073e-04 5.0436e-04 3.5535e-04 3.5197e-03 1.1310e-01 1.0000e+00
1.1374e-01 1.1046e-02 5.9204e-04 -4.7256e-04 3.6237e-04 1.4090e-02 6.0157e-04 1.3831e-05 3.6387e-04 3.3207e-03 1.1427e-01 1.0000e+00
1.1499e-01 1.3123e-02 6.0550e-04 2.0603e-03 3.4874e-04 1.4925e-02 6.0999e-04 1.8659e-03 3.4788e-04 3.2428e-03 1.1564e-01 1.0000e+00
1.1624e-01 1.4058e-02 5.9935e-04 2.7718e-03 3.5337e-04 1.4269e-02 5.9696e-04 1.9150e-03 3.5006e-04 3.5587e-03 1.1686e-01 1.0000e+00
1.1749e-01 1.1958e-02 5.7651e-04 -5.5960e-04 3.5750e-04 1.3601e-02 5.8050e-04 -1.6431e-03 3.5363e-04 3.1887e-03 1.1807e-01 1.0000e+00
1.1875e-01 1.1375e-02 6.0608e-04 1.3531e-03 3.4686e-04 1.3820e-02 6.1379e-04 -2.4043e-04 3.4027e-04 3.2834e-03 1.1944e-01 1.0000e+00
1.2000e-01 1.2945e-02 5.9067e-04 -5.3179e-04 3.6113e-04 1.4546e-02 5.9414e-04 -2.0796e-04 3.6210e-04 3.4881e-03 1.2058e-01 1.0000e+00
