Q, UU, DelUU, DU, DelDU, DD, DelDD, UD, DelUD, Q_Unc, Q_mean, Shadow
3.5000e-03 6.5304e+01 6.2803e-02 -6.7937e-01 7.4130e-03 8.1291e+01 6.8252e-02 -5.0409e-01 9.7061e-03 2.6120e-03 4.1802e-03 1.0000e+00
4.7527e-03 1.2532e+01 2.4996e-02 -6.5056e-03 3.8212e-03 1.3986e+01 2.5908e-02 1.7861e-02 4.8854e-03 2.2781e-03 5.4482e-03 1.0000e+00
6.0054e-03 4.5526e+00 1.3718e-02 9.6104e-02 2.9355e-03 5.0495e+00 1.4134e-02 7.5263e-02 3.5030e-03 2.0013e-03 6.6940e-03 1.0000e+00
7.2581e-03 2.2313e+00 9.0653e-03 1.0589e-01 2.4881e-03 2.4416e+00 9.3281e-03 1.0512e-01 3.0577e-03 1.8735e-03 7.9266e-03 1.0000e+00
8.5108e-03 1.2320e+00 6.3006e-03 1.2409e-01 2.2812e-03 1.2999e+00 6.3723e-03 1.1008e-01 2.6898e-03 1.7036e-03 9.1686e-03 1.0000e+00
9.7634e-03 7.3412e-01 4.8589e-03 1.2237e-01 2.0142e-03 7.9440e-01 4.9506e-03 1.0795e-01 2.3813e-03 1.6170e-03 1.0420e-02 1.0000e+00
1.1016e-02 5.0289e-01 3.8426e-03 1.1324e-01 1.8697e-03 5.2435e-01 3.8848e-03 1.1136e-01 2.2371e-03 1.5276e-03 1.1657e-02 1.0000e+00
1.2269e-02 3.6348e-01 3.2105e-03 1.1165e-01 1.7750e-03 3.7679e-01 3.2406e-03 1.1389e-01 2.1240e-03 1.4394e-03 1.2905e-02 1.0000e+00
1.3522e-02 2.6673e-01 2.8363e-03 1.1142e-01 1.7341e-03 2.7683e-01 2.8423e-03 9.5915e-02 2.0053e-03 1.3719e-03 1.4166e-02 1.0000e+00
1.4774e-02 2.0445e-01 2.4628e-03 1.1232e-01 1.5538e-03 2.2842e-01 2.5184e-03 1.1070e-01 1.8596e-03 1.3224e-03 1.5421e-02 1.0000e+00
1.6027e-02 1.7752e-01 2.2396e-03 9.6168e-02 1.5327e-03 1.9257e-01 2.2635e-03 9.8255e-02 1.8146e-03 1.2613e-03 1.6680e-02 1.0000e+00
1.7280e-02 1.3837e-01 2.0367e-03 9.3202e-02 1.4641e-03 1.5562e-01 2.0710e-03 8.0426e-02 1.6863e-03 1.2351e-03 1.7927e-02 1.0000e+00
1.8532e-02 1.1227e-01 1.9198e-03 8.7047e-02 1.4126e-03 1.3025e-01 1.9652e-03 7.8594e-02 1.6336e-03 1.1805e-03 1.9173e-02 1.0000e+00
1.9785e-02 1.0837e-01 1.8057e-03 8.8087e-02 1.3294e-03 9.7859e-02 1.7704e-03 7.0528e-02 1.5138e-03 1.1506e-03 2.0424e-02 1.0000e+00
2.1038e-02 8.9326e-02 1.6910e-03 8.4081e-02 1.2789e-03 9.0421e-02 1.6869e-03 7.2383e-02 1.4670e-03 1.1098e-03 2.1676e-02 1.0000e+00
2.2290e-02 7.6103e-02 1.5985e-03 7.2416e-02 1.2626e-03 7.2726e-02 1.5872e-03 6.2368e-02 1.4417e-03 1.0782e-03 2.2938e-02 1.0000e+00
2.3543e-02 7.1020e-02 1.5391e-03 7.1134e-02 1.1717e-03 7.2605e-02 1.5412e-03 6.5604e-02 1.3550e-03 1.0507e-03 2.4199e-02 1.0000e+00
2.4796e-02 7.8275e-02 1.4943e-03 6.0405e-02 1.1989e-03 7.3369e-02 1.4807e-03 5.4197e-02 1.3641e-03 1.0325e-03 2.5449e-02 1.0000e+00
2.6048e-02 4.6544e-02 1.4948e-03 5.9097e-02 1.1835e-03 5.4664e-02 1.5129e-03 5.6170e-02 1.3649e-03 1.0788e-03 2.6665e-02 1.0000e+00
2.7301e-02 5.5661e-02 1.6003e-03 5.3706e-02 1.2584e-03 5.7892e-02 1.5982e-03 4.8729e-02 1.4422e-03 1.2070e-03 2.7920e-02 1.0000e+00
2.8554e-02 5.6400e-02 1.5973e-03 4.9477e-02 1.2500e-03 6.0233e-02 1.6169e-03 4.7227e-02 1.4439e-03 1.3491e-03 2.9158e-02 1.0000e+00
2.9806e-02 4.2498e-02 1.6063e-03 4.2089e-02 1.2753e-03 5.7394e-02 1.6557e-03 3.0433e-02 1.4291e-03 1.4817e-03 3.0427e-02 1.0000e+00
3.1059e-02 5.1030e-02 1.6201e-03 4.0159e-02 1.2440e-03 5.9890e-02 1.6488e-03 3.4679e-02 1.4246e-03 1.4494e-03 3.1667e-02 1.0000e+00
3.2312e-02 4.3528e-02 1.5600e-03 3.5305e-02 1.2391e-03 4.9342e-02 1.5779e-03 3.1339e-02 1.4148e-03 1.5414e-03 3.2921e-02 1.0000e+00
3.3565e-02 4.1644e-02 1.5750e-03 2.8929e-02 1.2473e-03 3.6701e-02 1.5538e-03 2.5553e-02 1.4146e-03 1.5275e-03 3.4173e-02 1.0000e+00
3.4817e-02 3.9191e-02 1.5373e-03 2.9276e-02 1.2607e-03 4.6823e-02 1.5620e-03 2.3177e-02 1.4110e-03 1.5661e-03 3.5423e-02 1.0000e+00
3.6070e-02 4.8642e-02 1.5506e-03 3.1205e-02 1.3094e-03 5.9193e-02 1.5883e-03 1.9508e-02 1.4395e-03 1.6052e-03 3.6688e-02 1.0000e+00
3.7323e-02 4.2848e-02 1.6845e-03 2.8639e-02 1.3709e-03 3.9116e-02 1.6655e-03 2.4930e-02 1.5551e-03 1.9538e-03 3.7910e-02 1.0000e+00
3.8575e-02 4.7208e-02 1.8165e-03 3.3267e-02 1.3231e-03 3.5489e-02 1.7416e-03 2.6948e-02 1.4951e-03 2.2987e-03 3.9194e-02 1.0000e+00
3.9828e-02 3.9304e-02 1.7971e-03 2.7156e-02 1.4439e-03 4.0215e-02 1.7910e-03 1.6852e-02 1.5837e-03 2.6967e-03 4.0401e-02 1.0000e+00
4.1081e-02 4.3827e-02 1.4851e-03 3.1182e-02 1.2529e-03 4.6135e-02 1.5023e-03 1.9695e-02 1.3655e-03 3.0617e-03 4.1720e-02 1.0000e+00
4.2333e-02 4.1909e-02 1.7281e-03 2.2402e-02 1.2955e-03 3.0962e-02 1.6542e-03 1.8705e-02 1.4761e-03 3.7858e-03 4.2976e-02 1.0000e+00
4.3586e-02 4.2478e-02 1.3079e-03 1.5467e-02 9.2723e-04 3.5954e-02 1.2026e-03 1.4899e-02 1.0509e-03 4.1835e-03 4.4128e-02 1.0000e+00
4.4839e-02 3.0476e-02 7.7287e-04 1.8886e-02 4.6994e-04 3.8711e-02 8.5893e-04 1.7860e-02 5.3276e-04 4.7093e-03 4.5534e-02 1.0000e+00
4.6091e-02 3.1753e-02 7.6260e-04 1.5003e-02 4.5980e-04 4.0523e-02 7.9449e-04 1.5623e-02 5.4916e-04 5.3431e-03 4.6666e-02 1.0000e+00
4.7344e-02 2.8396e-02 7.0359e-04 1.3288e-02 4.2567e-04 3.4030e-02 7.2042e-04 1.0223e-02 4.7094e-04 4.4852e-03 4.7929e-02 1.0000e+00
4.8597e-02 3.7626e-02 7.1440e-04 1.1472e-02 4.0332e-04 3.9209e-02 7.1737e-04 1.2427e-02 4.6913e-04 4.6754e-03 4.9322e-02 1.0000e+00
4.9849e-02 3.1339e-02 7.4317e-04 1.0313e-02 4.2897e-04 3.3675e-02 7.4629e-04 8.9951e-03 4.8006e-04 4.8271e-03 5.0474e-02 1.0000e+00
5.1102e-02 3.4747e-02 6.7712e-04 9.9569e-03 3.9096e-04 3.5655e-02 6.8005e-04 1.0456e-02 4.4768e-04 4.5649e-03 5.1790e-02 1.0000e+00
5.2355e-02 3.9432e-02 6.8707e-04 9.6059e-03 4.0067e-04 4.3151e-02 6.9467e-04 8.3228e-03 4.5442e-04 4.8602e-03 5.2983e-02 1.0000e+00
5.3608e-02 3.6386e-02 6.8705e-04 8.6336e-03 3.9103e-04 3.8514e-02 6.9253e-04 7.6772e-03 4.3390e-04 4.4619e-03 5.4177e-02 1.0000e+00
5.4860e-02 4.3205e-02 7.0060e-04 7.3247e-03 3.7433e-04 4.0294e-02 6.9056e-04 7.4921e-03 4.2625e-04 4.5663e-03 5.5501e-02 1.0000e+00
5.6113e-02 3.9750e-02 6.7090e-04 9.7859e-03 3.6378e-04 4.7601e-02 6.9298e-04 9.4556e-03 4.0914e-04 4.5399e-03 5.6715e-02 1.0000e+00
5.7366e-02 4.8824e-02 7.0587e-04 5.6169e-03 3.7575e-04 4.7687e-02 6.9540e-04 4.9802e-03 4.1740e-04 4.3663e-03 5.7990e-02 1.0000e+00
5.8618e-02 5.8601e-02 7.0834e-04 6.2331e-03 3.3504e-04 6.0607e-02 7.0826e-04 8.7350e-03 3.9690e-04 4.4390e-03 5.9271e-02 1.0000e+00
5.9871e-02 6.5993e-02 7.0437e-04 5.0074e-03 3.4462e-04 6.6502e-02 7.0080e-04 4.9278e-03 3.8721e-04 4.4393e-03 6.0513e-02 1.0000e+00
6.1124e-02 7.3372e-02 7.3292e-04 6.1380e-03 3.2191e-04 8.3143e-02 7.6165e-04 4.8680e-03 3.6656e-04 4.4155e-03 6.1709e-02 1.0000e+00
6.2376e-02 9.6236e-02 7.6844e-04 4.9910e-03 3.5013e-04 9.8517e-02 7.6649e-04 4.0847e-03 3.8995e-04 4.2553e-03 6.2977e-02 1.0000e+00
6.3629e-02 9.9266e-02 7.7267e-04 4.9396e-03 3.3190e-04 1.1175e-01 8.0517e-04 3.9992e-03 3.6850e-04 4.3686e-03 6.4232e-02 1.0000e+00
6.4882e-02 1.0969e-01 7.9306e-04 2.9141e-03 3.4628e-04 1.1840e-01 8.1444e-04 2.1174e-03 3.8543e-04 4.1517e-03 6.5467e-02 1.0000e+00
6.6134e-02 1.2655e-01 8.1630e-04 2.2246e-03 3.4341e-04 1.3682e-01 8.3310e-04 1.9430e-03 3.8766e-04 4.1522e-03 6.6827e-02 1.0000e+00
6.7387e-02 1.3638e-01 8.6027e-04 3.5806e-03 3.4481e-04 1.4395e-01 8.7849e-04 1.6418e-03 3.7923e-04 4.4424e-03 6.7982e-02 1.0000e+00
6.8640e-02 1.4182e-01 7.7830e-04 2.0933e-03 3.1821e-04 1.5038e-01 7.9229e-04 1.3744e-03 3.5533e-04 3.8968e-03 6.9276e-02 1.0000e+00
6.9892e-02 1.3458e-01 8.7641e-04 7.1263e-04 3.3167e-04 1.3735e-01 8.8387e-04 6.4174e-04 3.7582e-04 4.4685e-03 7.0570e-02 1.0000e+00
7.1145e-02 1.3566e-01 7.9703e-04 3.4521e-03 3.2917e-04 1.3498e-01 7.9797e-04 1.1342e-03 3.5555e-04 4.0197e-03 7.1680e-02 1.0000e+00
7.2398e-02 1.1830e-01 7.4683e-04 2.7159e-04 3.1240e-04 1.2903e-01 7.6497e-04 7.8191e-04 3.5007e-04 3.9493e-03 7.3065e-02 1.0000e+00
7.3651e-02 1.0889e-01 7.4560e-04 2.7623e-04 3.2081e-04 1.1987e-01 7.6678e-04 5.2838e-04 3.6197e-04 4.3727e-03 7.4233e-02 1.0000e+00
7.4903e-02 9.5744e-02 6.8495e-04 7.6858e-04 3.2488e-04 1.0657e-01 7.0522e-04 5.8579e-04 3.5179e-04 3.7725e-03 7.5480e-02 1.0000e+00
7.6156e-02 8.1344e-02 6.6542e-04 2.9138e-03 2.9648e-04 9.2674e-02 6.9440e-04 1.7511e-03 3.2827e-04 4.0405e-03 7.6841e-02 1.0000e+00
7.7409e-02 7.4810e-02 6.4424e-04 2.2598e-03 3.0725e-04 7.3786e-02 6.3604e-04 2.5497e-03 3.3852e-04 4.0974e-03 7.7988e-02 1.0000e+00
7.8661e-02 6.4224e-02 6.1458e-04 1.3935e-03 3.0836e-04 6.6878e-02 6.1795e-04 1.6613e-03 3.4219e-04 3.8681e-03 7.9255e-02 1.0000e+00
7.9914e-02 4.8063e-02 5.6935e-04 1.2879e-03 2.9362e-04 5.3406e-02 5.8313e-04 6.6925e-04 3.2443e-04 3.8524e-03 8.0553e-02 1.0000e+00
8.1167e-02 4.0997e-02 5.5245e-04 1.8806e-03 3.0376e-04 4.3725e-02 5.5945e-04 -7.8152e-04 3.2180e-04 3.9528e-03 8.1801e-02 1.0000e+00
8.2419e-02 3.5185e-02 5.1876e-04 2.1811e-03 2.9995e-04 3.9195e-02 5.2898e-04 1.8191e-03 3.2935e-04 3.9195e-03 8.3032e-02 1.0000e+00
8.3672e-02 2.7280e-02 4.8232e-04 2.3811e-03 2.8240e-04 3.2527e-02 4.9579e-04 1.0160e-03 3.0653e-04 3.7028e-03 8.4311e-02 1.0000e+00
8.4925e-02 2.4642e-02 4.9308e-04 -6.3224e-04 3.0666e-04 2.5562e-02 4.9275e-04 -4.3570e-04 3.3684e-04 3.9721e-03 8.5562e-02 1.0000e+00
8.6177e-02 2.2746e-02 4.6183e-04 1.5682e-03 2.8962e-04 2.2001e-02 4.5646e-04 -3.3473e-04 3.1189e-04 3.8080e-03 8.6743e-02 1.0000e+00
8.7430e-02 1.7810e-02 4.4068e-04 1.6109e-03 2.8714e-04 1.8081e-02 4.3648e-04 1.2435e-03 3.1163e-04 3.6218e-03 8.8087e-02 1.0000e+00
8.8683e-02 1.5405e-02 4.6305e-04 2.8686e-03 2.8008e-04 1.7511e-02 4.6684e-04 1.6971e-03 3.0863e-04 3.8889e-03 8.9303e-02 1.0000e+00
8.9935e-02 1.2434e-02 4.3828e-04 2.0723e-03 2.7754e-04 1.2408e-02 4.3664e-04 8.0865e-04 3.0148e-04 3.6636e-03 9.0562e-02 1.0000e+00
9.1188e-02 7.8381e-03 4.2518e-04 2.0479e-03 2.7506e-04 9.5219e-03 4.3352e-04 2.2750e-03 3.0271e-04 3.7205e-03 9.1860e-02 1.0000e+00
9.2441e-02 8.3096e-03 4.6055e-04 1.9333e-03 2.9318e-04 8.0388e-03 4.5962e-04 1.2290e-04 3.1520e-04 3.8266e-03 9.2991e-02 1.0000e+00
9.3694e-02 9.7619e-03 4.2351e-04 7.5577e-04 2.6976e-04 7.4575e-03 4.1425e-04 4.2730e-04 2.9737e-04 3.5726e-03 9.4306e-02 1.0000e+00
9.4946e-02 8.3941e-03 4.3124e-04 1.0084e-03 2.7850e-04 5.6030e-03 4.1655e-04 9.3909e-04 3.0618e-04 3.8275e-03 9.5496e-02 1.0000e+00
9.6199e-02 1.0736e-02 4.1680e-04 1.5392e-05 2.8494e-04 1.1958e-02 4.1942e-04 -1.3379e-03 3.0331e-04 3.4299e-03 9.6761e-02 1.0000e+00
9.7452e-02 8.5652e-03 4.1528e-04 1.4881e-03 2.7740e-04 1.0545e-02 4.1709e-04 -2.0232e-04 2.9808e-04 3.6537e-03 9.8120e-02 1.0000e+00
9.8704e-02 9.2339e-03 4.1010e-04 3.9330e-04 2.7663e-04 8.3502e-03 4.0608e-04 1.0998e-03 3.0358e-04 3.5620e-03 9.9304e-02 1.0000e+00
9.9957e-02 7.1196e-03 4.1592e-04 6.4511e-04 2.7341e-04 7.4363e-03 4.1484e-04 2.2807e-03 3.0590e-04 3.4661e-03 1.0064e-01 1.0000e+00
1.0121e-01 8.3279e-03 4.1835e-04 1.8181e-03 2.6228e-04 1.0115e-02 4.2414e-04 1.1097e-03 2.9241e-04 3.8156e-03 1.0185e-01 1.0000e+00
1.0246e-01 1.1804e-02 4.0675e-04 2.3540e-03 2.5669e-04 9.1384e-03 3.9833e-04 6.6718e-04 2.7518e-04 3.3882e-03 1.0304e-01 1.0000e+00
1.0372e-01 1.2503e-02 4.0953e-04 1.5191e-03 2.7058e-04 1.0223e-02 4.0075e-04 -1.1541e-03 2.8964e-04 3.5907e-03 1.0434e-01 1.0000e+00
1.0497e-01 9.9242e-03 3.9505e-04 7.4471e-04 2.6639e-04 1.2727e-02 4.0242e-04 -7.1220e-04 2.8856e-04 3.4454e-03 1.0558e-01 1.0000e+00
1.0622e-01 1.1591e-02 3.9998e-04 1.0607e-03 2.6775e-04 1.2893e-02 4.0229e-04 -6.1698e-04 2.8850e-04 3.4345e-03 1.0686e-01 1.0000e+00
1.0747e-01 1.1199e-02 4.1353e-04 3.2464e-04 2.6258e-04 1.3556e-02 4.2433e-04 1.4606e-04 2.8926e-04 3.5054e-03 1.0812e-01 1.0000e+00
1.0873e-01 1.4557e-02 3.9488e-04 4.7328e-04 2.6009e-04 1.5975e-02 3.9681e-04 8.0304e-04 2.8403e-04 3.4246e-03 1.0938e-01 1.0000e+00
1.0998e-01 1.3885e-02 4.0596e-04 2.7087e-03 2.4485e-04 1.3252e-02 4.0155e-04 2.4080e-03 2.7263e-04 3.4828e-03 1.1058e-01 1.0000e+00
1.1123e-01 1.7155e-02 3.9216e-04 2.1044e-03 2.4715e-04 1.6452e-02 3.8619e-04 1.6644e-03 2.7305e-04 3.3716e-03 1.1184e-01 1.0000e+00
1.1248e-01 1.2805e-02 3.9437e-04 2.2298e-03 2.5152e-04 1.4208e-02 3.9627e-04 1.1365e-03 2.7430e-04 3.5197e-03 1.1310e-01 1.0000e+00
1.1374e-01 1.2330e-02 3.9084e-04 2.3729e-04 2.5615e-04 1.5424e-02 3.9654e-04 1.3443e-04 2.7915e-04 3.3207e-03 1.1426e-01 1.0000e+00
1.1499e-01 1.1967e-02 3.8079e-04 1.1762e-03 2.5096e-04 1.3195e-02 3.8530e-04 -9.0171e-04 2.6681e-04 3.2333e-03 1.1564e-01 1.0000e+00
1.1624e-01 1.4580e-02 4.0129e-04 7.3656e-04 2.5217e-04 1.3467e-02 3.9894e-04 -6.4698e-04 2.7237e-04 3.5587e-03 1.1687e-01 1.0000e+00
1.1749e-01 1.5341e-02 3.8032e-04 6.0124e-04 2.6756e-04 1.4421e-02 3.7687e-04 -1.2450e-03 2.8455e-04 3.1887e-03 1.1807e-01 1.0000e+00
1.1875e-01 1.1774e-02 3.8024e-04 1.6724e-03 2.3872e-04 1.2083e-02 3.8105e-04 5.1369e-04 2.5851e-04 3.2933e-03 1.1944e-01 1.0000e+00
1.2000e-01 1.3051e-02 3.9059e-04 4.9336e-04 2.4478e-04 1.4727e-02 3.9479e-04 -5.3910e-04 2.6484e-04 3.4763e-03 1.2058e-01 1.0000e+00
