Q, UU, DelUU, DU, DelDU, DD, DelDD, UD, DelUD, Q_Unc, Q_mean, Shadow
3.5000e-03 4.4281e+01 6.9285e-02 3.5154e-01 1.5157e-02 5.0325e+01 1.0353e-01 3.4259e-01 1.4825e-02 2.6366e-03 4.1967e-03 1.0000e+00
4.7527e-03 1.1114e+01 3.3319e-02 6.7898e-02 8.2733e-03 1.2433e+01 4.8586e-02 5.4680e-02 8.0713e-03 2.2943e-03 5.4469e-03 1.0000e+00
6.0054e-03 4.5720e+00 1.8853e-02 5.1940e-02 5.6862e-03 4.7347e+00 2.6731e-02 4.1347e-02 5.5730e-03 1.9906e-03 6.6820e-03 1.0000e+00
7.2581e-03 2.1391e+00 1.3380e-02 6.6997e-03 5.0639e-03 2.1664e+00 1.8230e-02 5.5371e-03 5.0513e-03 1.8473e-03 7.9408e-03 1.0000e+00
8.5108e-03 1.2335e+00 8.9923e-03 3.5092e-02 4.4401e-03 1.3101e+00 1.2627e-02 2.0899e-02 4.3030e-03 1.7382e-03 9.1712e-03 1.0000e+00
9.7634e-03 6.8569e-01 7.2687e-03 3.9985e-02 4.0826e-03 7.6409e-01 9.8505e-03 4.1671e-02 4.0880e-03 1.6169e-03 1.0394e-02 1.0000e+00
1.1016e-02 4.6820e-01 5.6713e-03 2.0005e-02 3.7715e-03 5.2178e-01 7.6475e-03 2.3497e-02 3.7933e-03 1.5040e-03 1.1653e-02 1.0000e+00
1.2269e-02 3.3107e-01 4.9469e-03 2.9438e-02 3.6200e-03 3.4196e-01 6.4456e-03 3.8043e-02 3.6813e-03 1.4517e-03 1.2911e-02 1.0000e+00
1.3522e-02 2.4032e-01 4.2726e-03 1.7888e-02 3.4191e-03 2.5852e-01 5.5396e-03 1.0582e-02 3.3624e-03 1.3719e-03 1.4163e-02 1.0000e+00
1.4774e-02 1.8050e-01 3.8066e-03 4.1593e-02 2.9931e-03 2.0963e-01 4.9359e-03 5.3000e-02 3.0766e-03 1.3255e-03 1.5416e-02 1.0000e+00
1.6027e-02 1.5291e-01 3.4106e-03 6.5366e-03 3.3290e-03 1.6317e-01 4.3571e-03 -1.8201e-03 3.2723e-03 1.2640e-03 1.6669e-02 1.0000e+00
1.7280e-02 1.2775e-01 3.2018e-03 2.0164e-03 3.0242e-03 1.2778e-01 3.9911e-03 3.4480e-03 3.0328e-03 1.2300e-03 1.7922e-02 1.0000e+00
1.8532e-02 8.3532e-02 3.1038e-03 2.2728e-02 2.9032e-03 8.9737e-02 3.7781e-03 2.3832e-02 2.9080e-03 1.1827e-03 1.9169e-02 1.0000e+00
1.9785e-02 7.2746e-02 2.8856e-03 2.5579e-02 2.7908e-03 1.0269e-01 3.6493e-03 2.1134e-02 2.7594e-03 1.1486e-03 2.0422e-02 1.0000e+00
2.1038e-02 7.4696e-02 2.6842e-03 1.6018e-02 2.7250e-03 9.0011e-02 3.3470e-03 1.4152e-02 2.7120e-03 1.1098e-03 2.1677e-02 1.0000e+00
2.2290e-02 5.3619e-02 2.7741e-03 1.5462e-02 2.5387e-03 5.6031e-02 3.3152e-03 3.8485e-02 2.6737e-03 1.0867e-03 2.2930e-02 1.0000e+00
2.3543e-02 5.9100e-02 2.5519e-03 2.2213e-02 2.3600e-03 5.2683e-02 3.0414e-03 2.2082e-02 2.3591e-03 1.0506e-03 2.4182e-02 1.0000e+00
2.4796e-02 5.5266e-02 2.7117e-03 1.3456e-02 2.9576e-03 6.2848e-02 3.1821e-03 3.9478e-03 2.9106e-03 1.0266e-03 2.5441e-02 1.0000e+00
2.6048e-02 5.7702e-02 3.0565e-03 2.9589e-02 3.3485e-03 4.7830e-02 3.6222e-03 8.3630e-03 3.2032e-03 1.0805e-03 2.6656e-02 1.0000e+00
2.7301e-02 3.4067e-02 4.6707e-03 2.5063e-02 4.8540e-03 6.4912e-02 6.5623e-03 1.9199e-02 4.7271e-03 1.2118e-03 2.7908e-02 1.0000e+00
2.8554e-02 3.4001e-02 5.2803e-03 1.4180e-02 3.7985e-03 3.5683e-02 5.3861e-03 1.7849e-02 3.8077e-03 1.3491e-03 2.9140e-02 1.0000e+00
2.9806e-02 3.3034e-02 1.5324e-03 1.6327e-03 1.2189e-03 2.9454e-02 1.8055e-03 -1.2823e-03 1.1934e-03 1.4575e-03 3.0425e-02 1.0000e+00
3.1059e-02 2.7818e-02 1.5214e-03 7.2332e-03 1.1276e-03 3.3922e-02 1.9355e-03 8.4580e-03 1.1402e-03 1.4613e-03 3.1675e-02 1.0000e+00
3.2312e-02 4.0654e-02 1.3100e-03 4.6082e-03 1.0914e-03 4.2118e-02 1.6065e-03 8.7061e-03 1.1249e-03 1.5323e-03 3.2926e-02 1.0000e+00
3.3565e-02 2.8991e-02 1.4188e-03 8.0190e-03 1.1166e-03 2.8374e-02 1.7657e-03 5.9077e-03 1.0900e-03 1.5319e-03 3.4180e-02 1.0000e+00
3.4817e-02 3.5480e-02 1.3269e-03 2.7225e-03 9.6146e-04 3.5079e-02 1.6114e-03 7.6788e-03 1.0082e-03 1.5661e-03 3.5429e-02 1.0000e+00
3.6070e-02 3.1952e-02 1.2324e-03 4.6746e-03 9.7125e-04 3.1919e-02 1.4694e-03 5.9277e-03 9.8037e-04 1.6153e-03 3.6687e-02 1.0000e+00
3.7323e-02 3.0837e-02 1.2934e-03 7.1754e-03 9.6813e-04 2.7409e-02 1.6267e-03 7.5465e-03 9.7188e-04 1.9371e-03 3.7903e-02 1.0000e+00
3.8575e-02 2.8926e-02 1.2209e-03 4.0789e-03 9.4670e-04 3.2127e-02 1.4489e-03 1.6847e-03 9.2794e-04 2.2862e-03 3.9193e-02 1.0000e+00
3.9828e-02 2.8479e-02 1.1790e-03 2.2696e-03 1.0774e-03 3.1812e-02 1.5585e-03 -2.0803e-03 1.0222e-03 2.6795e-03 4.0407e-02 1.0000e+00
4.1081e-02 2.5461e-02 1.1975e-03 -3.3118e-05 9.8298e-04 2.9096e-02 1.4366e-03 1.5347e-03 9.9386e-04 3.0835e-03 4.1723e-02 1.0000e+00
4.2333e-02 2.6458e-02 1.2336e-03 6.3076e-03 1.0033e-03 3.4057e-02 1.5145e-03 1.2999e-03 9.5920e-04 3.7482e-03 4.2974e-02 1.0000e+00
4.3586e-02 3.9387e-02 1.1349e-03 1.2377e-03 9.0001e-04 4.2422e-02 1.4649e-03 3.6402e-03 9.2388e-04 4.1835e-03 4.4131e-02 1.0000e+00
4.4839e-02 2.7990e-02 1.0862e-03 1.8419e-03 9.2554e-04 3.6281e-02 1.3192e-03 2.5856e-03 9.2936e-04 4.7093e-03 4.5534e-02 1.0000e+00
4.6091e-02 3.4402e-02 1.1681e-03 1.0311e-02 9.5308e-04 2.7662e-02 1.4895e-03 4.5229e-03 8.7724e-04 5.3431e-03 4.6666e-02 1.0000e+00
4.7344e-02 3.2331e-02 1.0810e-03 1.5990e-03 9.1767e-04 3.3512e-02 1.2729e-03 -7.5378e-04 9.0295e-04 4.4852e-03 4.7930e-02 1.0000e+00
4.8597e-02 3.5410e-02 1.0824e-03 1.4979e-03 9.3446e-04 3.6380e-02 1.3933e-03 -1.2420e-03 9.0534e-04 4.6754e-03 4.9322e-02 1.0000e+00
4.9849e-02 3.1564e-02 1.0809e-03 2.6465e-03 8.5593e-04 3.2719e-02 1.3018e-03 1.8969e-03 8.4969e-04 4.8271e-03 5.0474e-02 1.0000e+00
5.1102e-02 3.1079e-02 1.0136e-03 2.1542e-03 7.2894e-04 3.8335e-02 1.2577e-03 5.4578e-03 7.5426e-04 4.5649e-03 5.1790e-02 1.0000e+00
5.2355e-02 4.0691e-02 1.0363e-03 2.6123e-03 8.4667e-04 3.6989e-02 1.3610e-03 3.1359e-03 8.5225e-04 4.8602e-03 5.2984e-02 1.0000e+00
5.3608e-02 3.0943e-02 1.0820e-03 -1.1607e-03 8.6291e-04 3.5301e-02 1.2836e-03 2.4131e-03 8.8378e-04 4.4619e-03 5.4177e-02 1.0000e+00
5.4860e-02 4.0669e-02 1.0033e-03 4.5951e-03 7.6240e-04 4.3830e-02 1.3164e-03 6.4299e-03 7.7994e-04 4.5663e-03 5.5501e-02 1.0000e+00
5.6113e-02 4.1208e-02 1.0335e-03 4.7234e-03 7.5012e-04 4.4408e-02 1.2597e-03 5.1880e-03 7.5261e-04 4.5399e-03 5.6716e-02 1.0000e+00
5.7366e-02 5.8004e-02 1.0187e-03 1.7698e-03 8.3261e-04 6.1347e-02 1.3257e-03 -6.9017e-05 8.1744e-04 4.3663e-03 5.7991e-02 1.0000e+00
5.8618e-02 5.6865e-02 9.9012e-04 3.2023e-03 7.3434e-04 6.3410e-02 1.3197e-03 7.2812e-04 7.1138e-04 4.4390e-03 5.9271e-02 1.0000e+00
5.9871e-02 7.7057e-02 9.1573e-04 9.3565e-04 7.3819e-04 8.8807e-02 1.2420e-03 2.0281e-03 7.4435e-04 4.4393e-03 6.0513e-02 1.0000e+00
6.1124e-02 8.2973e-02 1.1888e-03 8.3447e-05 7.9652e-04 8.6618e-02 1.6621e-03 1.4518e-03 8.1065e-04 4.4155e-03 6.1710e-02 1.0000e+00
6.2376e-02 1.1166e-01 1.0245e-03 5.5639e-03 7.8379e-04 1.0902e-01 1.3483e-03 2.7988e-03 7.6650e-04 4.2553e-03 6.2977e-02 1.0000e+00
6.3629e-02 1.1017e-01 1.0808e-03 4.9691e-03 7.5187e-04 1.1967e-01 1.5096e-03 1.8739e-03 7.2594e-04 4.3686e-03 6.4232e-02 1.0000e+00
6.4882e-02 1.2323e-01 1.1382e-03 -4.0354e-04 7.8305e-04 1.3416e-01 1.5688e-03 -4.1426e-04 7.8187e-04 4.1517e-03 6.5468e-02 1.0000e+00
6.6134e-02 1.4201e-01 1.1311e-03 -1.3513e-03 7.5033e-04 1.5066e-01 1.5255e-03 -1.1648e-03 7.5083e-04 4.1522e-03 6.6827e-02 1.0000e+00
6.7387e-02 1.4494e-01 1.1558e-03 3.2918e-03 7.4837e-04 1.6426e-01 1.7320e-03 2.1576e-03 7.3592e-04 4.4424e-03 6.7982e-02 1.0000e+00
6.8640e-02 1.5835e-01 1.0375e-03 8.7449e-04 6.6962e-04 1.5684e-01 1.4129e-03 2.9177e-03 6.8215e-04 3.8968e-03 6.9276e-02 1.0000e+00
6.9892e-02 1.3689e-01 1.1486e-03 1.2537e-03 7.4453e-04 1.5049e-01 1.6552e-03 3.1943e-04 7.3539e-04 4.4685e-03 7.0570e-02 1.0000e+00
7.1145e-02 1.3790e-01 1.1287e-03 5.1437e-03 6.7221e-04 1.4269e-01 1.5106e-03 5.3226e-03 6.7276e-04 4.0197e-03 7.1680e-02 1.0000e+00
7.2398e-02 1.2646e-01 1.0543e-03 6.7251e-03 6.5630e-04 1.3365e-01 1.4446e-03 6.8352e-03 6.5605e-04 3.9493e-03 7.3065e-02 1.0000e+00
7.3651e-02 1.1061e-01 1.0306e-03 3.6371e-03 7.2182e-04 1.1893e-01 1.4619e-03 -2.8306e-05 6.9119e-04 4.3727e-03 7.4234e-02 1.0000e+00
7.4903e-02 9.7764e-02 9.3906e-04 1.3895e-03 6.8257e-04 1.0528e-01 1.2414e-03 3.1931e-03 6.9188e-04 3.7725e-03 7.5480e-02 1.0000e+00
7.6156e-02 8.2210e-02 9.8084e-04 1.9941e-03 6.3691e-04 8.6970e-02 1.3432e-03 4.4219e-03 6.5752e-04 4.0405e-03 7.6841e-02 1.0000e+00
7.7409e-02 7.0867e-02 8.9746e-04 6.1894e-03 6.5798e-04 7.5453e-02 1.1618e-03 2.3615e-03 6.3247e-04 4.0974e-03 7.7988e-02 1.0000e+00
7.8661e-02 5.6699e-02 8.5832e-04 2.9489e-03 6.2323e-04 6.2373e-02 1.1093e-03 3.1169e-03 6.2372e-04 3.8681e-03 7.9256e-02 1.0000e+00
7.9914e-02 4.5053e-02 9.0391e-04 4.0117e-03 6.5126e-04 4.4425e-02 1.1493e-03 3.1775e-03 6.4416e-04 3.8524e-03 8.0554e-02 1.0000e+00
8.1167e-02 3.6576e-02 8.6266e-04 1.2799e-03 6.3638e-04 4.1257e-02 1.0588e-03 1.2364e-03 6.3564e-04 3.9528e-03 8.1801e-02 1.0000e+00
8.2419e-02 3.4941e-02 7.9302e-04 4.9679e-03 6.6648e-04 3.7583e-02 1.0372e-03 9.8594e-04 6.3230e-04 3.9195e-03 8.3032e-02 1.0000e+00
8.3672e-02 2.6936e-02 7.9393e-04 2.6450e-03 6.3064e-04 2.9467e-02 9.5437e-04 2.6184e-03 6.2994e-04 3.7028e-03 8.4312e-02 1.0000e+00
8.4925e-02 2.4908e-02 7.2911e-04 7.2353e-04 6.5598e-04 2.8456e-02 9.0900e-04 -2.4195e-03 6.3518e-04 3.9721e-03 8.5562e-02 1.0000e+00
8.6177e-02 2.0396e-02 7.1868e-04 2.0860e-03 6.2136e-04 2.8306e-02 9.1703e-04 2.0784e-03 6.2042e-04 3.8080e-03 8.6743e-02 1.0000e+00
8.7430e-02 2.0667e-02 6.8688e-04 5.9935e-04 6.2961e-04 2.6935e-02 8.3569e-04 1.2501e-03 6.3244e-04 3.6218e-03 8.8088e-02 1.0000e+00
8.8683e-02 1.6726e-02 7.0599e-04 1.9888e-03 6.2648e-04 1.9148e-02 9.0860e-04 -1.2595e-04 6.0719e-04 3.8889e-03 8.9304e-02 1.0000e+00
8.9935e-02 1.0925e-02 7.1754e-04 6.1269e-04 6.1730e-04 1.1151e-02 8.3123e-04 1.2569e-04 6.1441e-04 3.6636e-03 9.0563e-02 1.0000e+00
9.1188e-02 4.6477e-03 7.3199e-04 4.9045e-03 5.8850e-04 5.5574e-03 8.5699e-04 3.0032e-03 5.7513e-04 3.7205e-03 9.1860e-02 1.0000e+00
9.2441e-02 8.1188e-03 7.2041e-04 -2.1778e-03 6.2128e-04 1.4281e-02 8.8045e-04 -9.8482e-04 6.2866e-04 3.8266e-03 9.2991e-02 1.0000e+00
9.3694e-02 9.8820e-03 7.0125e-04 3.4390e-03 5.9663e-04 1.1571e-02 8.1845e-04 9.9812e-04 5.8193e-04 3.5726e-03 9.4306e-02 1.0000e+00
9.4946e-02 1.3336e-03 7.0136e-04 3.8940e-03 5.8546e-04 5.2682e-03 8.5692e-04 1.1181e-03 5.6329e-04 3.8275e-03 9.5497e-02 1.0000e+00
9.6199e-02 8.1965e-03 6.9643e-04 2.4049e-04 5.7189e-04 1.1249e-02 8.1022e-04 1.0306e-03 5.7584e-04 3.4299e-03 9.6762e-02 1.0000e+00
9.7452e-02 9.4389e-03 6.6941e-04 1.7125e-03 6.3068e-04 1.2973e-02 8.2046e-04 -2.7264e-04 6.1670e-04 3.6537e-03 9.8120e-02 1.0000e+00
9.8704e-02 5.8882e-03 6.9165e-04 1.8376e-03 5.7923e-04 8.5385e-03 8.0214e-04 3.2440e-03 5.8655e-04 3.5620e-03 9.9305e-02 1.0000e+00
9.9957e-02 7.5642e-03 6.7942e-04 3.2509e-03 5.8936e-04 4.0038e-03 7.7453e-04 4.1829e-04 5.7302e-04 3.4661e-03 1.0064e-01 1.0000e+00
1.0121e-01 8.3471e-03 6.8608e-04 3.4730e-03 5.7384e-04 9.9638e-03 8.4790e-04 6.2841e-03 5.9434e-04 3.8156e-03 1.0185e-01 1.0000e+00
1.0246e-01 7.7530e-03 6.7277e-04 2.0085e-03 5.9316e-04 1.0943e-02 7.8097e-04 8.5895e-04 5.8706e-04 3.3882e-03 1.0304e-01 1.0000e+00
1.0372e-01 1.2505e-02 6.5671e-04 1.7672e-03 5.9868e-04 1.4692e-02 8.0601e-04 1.6322e-03 5.9720e-04 3.5907e-03 1.0434e-01 1.0000e+00
1.0497e-01 1.0405e-02 6.7925e-04 -1.3216e-03 6.0415e-04 1.2051e-02 7.9351e-04 2.4459e-04 6.1172e-04 3.4454e-03 1.0558e-01 1.0000e+00
1.0622e-01 1.5475e-02 6.3321e-04 2.0236e-03 5.5535e-04 1.6473e-02 7.5649e-04 2.9145e-03 5.5981e-04 3.4345e-03 1.0686e-01 1.0000e+00
1.0747e-01 1.1202e-02 6.5659e-04 3.3079e-03 5.8098e-04 1.0515e-02 7.9786e-04 2.0405e-03 5.7196e-04 3.5054e-03 1.0812e-01 1.0000e+00
1.0873e-01 1.2548e-02 6.3446e-04 2.3957e-03 5.8064e-04 1.9496e-02 7.6060e-04 1.5014e-03 5.7572e-04 3.4246e-03 1.0938e-01 1.0000e+00
1.0998e-01 1.2358e-02 6.5938e-04 2.1929e-03 5.6788e-04 1.4530e-02 8.0892e-04 2.6307e-03 5.7009e-04 3.4828e-03 1.1058e-01 1.0000e+00
1.1123e-01 1.3801e-02 6.5449e-04 1.8032e-03 5.5285e-04 1.1152e-02 7.5951e-04 2.4738e-03 5.5619e-04 3.3716e-03 1.1184e-01 1.0000e+00
1.1248e-01 1.5306e-02 6.3136e-04 4.8722e-04 5.6510e-04 2.0516e-02 7.8176e-04 2.2421e-03 5.7438e-04 3.5197e-03 1.1310e-01 1.0000e+00
1.1374e-01 1.2056e-02 6.4692e-04 -8.5046e-04 5.5657e-04 1.5837e-02 7.9476e-04 2.8978e-03 5.7875e-04 3.3207e-03 1.1426e-01 1.0000e+00
1.1499e-01 1.4938e-02 6.3735e-04 4.5092e-04 5.6022e-04 1.7920e-02 7.5319e-04 1.0991e-03 5.6270e-04 3.2333e-03 1.1564e-01 1.0000e+00
1.1624e-01 1.5196e-02 6.4624e-04 1.6069e-03 5.3944e-04 1.7813e-02 7.9977e-04 1.2317e-03 5.3651e-04 3.5587e-03 1.1687e-01 1.0000e+00
1.1749e-01 1.3780e-02 6.5101e-04 3.0839e-03 5.3918e-04 1.1949e-02 7.5503e-04 2.4930e-03 5.3583e-04 3.1887e-03 1.1807e-01 1.0000e+00
1.1875e-01 9.8791e-03 6.0949e-04 1.7331e-03 5.5390e-04 1.4644e-02 7.3008e-04 -5.4156e-04 5.4202e-04 3.2933e-03 1.1944e-01 1.0000e+00
1.2000e-01 1.3433e-02 5.8269e-04 1.5162e-03 5.5169e-04 1.5056e-02 7.1874e-04 2.3560e-04 5.4328e-04 3.4763e-03 1.2058e-01 1.0000e+00
