Q, UU, DelUU, DU, DelDU, DD, DelDD, UD, DelUD, Q_Unc, Q_mean, Shadow
3.5000e-03 7.7116e+01 1.0670e-01 -9.0733e-01 1.2489e-02 1.0214e+02 1.1965e-01 -5.6983e-01 1.6857e-02 2.6120e-03 4.1802e-03 1.0000e+00
4.7527e-03 1.2959e+01 3.9648e-02 -1.3089e-02 5.8889e-03 1.4561e+01 4.1277e-02 1.4194e-02 7.6078e-03 2.2781e-03 5.4482e-03 1.0000e+00
6.0054e-03 4.3337e+00 2.0836e-02 9.8027e-02 4.7036e-03 4.9737e+00 2.1814e-02 5.3180e-02 5.4544e-03 2.0013e-03 6.6940e-03 1.0000e+00
7.2581e-03 2.3065e+00 1.4593e-02 1.0386e-01 3.9081e-03 2.4828e+00 1.4913e-02 1.0787e-01 4.8745e-03 1.8735e-03 7.9266e-03 1.0000e+00
8.5108e-03 1.2675e+00 9.9445e-03 1.1981e-01 3.4872e-03 1.2914e+00 9.9463e-03 1.1455e-01 4.2191e-03 1.7036e-03 9.1686e-03 1.0000e+00
9.7634e-03 7.2279e-01 7.5885e-03 1.1798e-01 3.1015e-03 7.6984e-01 7.6934e-03 9.1235e-02 3.6200e-03 1.6170e-03 1.0420e-02 1.0000e+00
1.1016e-02 5.3153e-01 6.0945e-03 1.0513e-01 2.8107e-03 5.2935e-01 6.0516e-03 9.6264e-02 3.3742e-03 1.5276e-03 1.1657e-02 1.0000e+00
1.2269e-02 3.9562e-01 5.1896e-03 1.1176e-01 2.7309e-03 3.8220e-01 5.1103e-03 1.0344e-01 3.2612e-03 1.4394e-03 1.2905e-02 1.0000e+00
1.3522e-02 2.7787e-01 4.5023e-03 9.9616e-02 2.7289e-03 2.8038e-01 4.4907e-03 8.9115e-02 3.1900e-03 1.3719e-03 1.4166e-02 1.0000e+00
1.4774e-02 2.2510e-01 3.8931e-03 1.0849e-01 2.3801e-03 2.5306e-01 3.9937e-03 1.0353e-01 2.8698e-03 1.3224e-03 1.5421e-02 1.0000e+00
1.6027e-02 1.4859e-01 3.4303e-03 9.4913e-02 2.2776e-03 1.9188e-01 3.5988e-03 1.0171e-01 2.7717e-03 1.2613e-03 1.6680e-02 1.0000e+00
1.7280e-02 1.4735e-01 3.3104e-03 8.5602e-02 2.2958e-03 1.5784e-01 3.3423e-03 8.7343e-02 2.7412e-03 1.2351e-03 1.7927e-02 1.0000e+00
1.8532e-02 1.2455e-01 3.1137e-03 8.2970e-02 2.1848e-03 1.2657e-01 3.1113e-03 7.1270e-02 2.5371e-03 1.1805e-03 1.9173e-02 1.0000e+00
1.9785e-02 1.2427e-01 2.8810e-03 9.3443e-02 2.0788e-03 1.0970e-01 2.8066e-03 6.9567e-02 2.3772e-03 1.1506e-03 2.0424e-02 1.0000e+00
2.1038e-02 9.4487e-02 2.5716e-03 8.0713e-02 1.9122e-03 9.9413e-02 2.5853e-03 7.9368e-02 2.2772e-03 1.1098e-03 2.1676e-02 1.0000e+00
2.2290e-02 8.6446e-02 2.5327e-03 5.9654e-02 2.0220e-03 7.8880e-02 2.4921e-03 4.3288e-02 2.2842e-03 1.0782e-03 2.2938e-02 1.0000e+00
2.3543e-02 6.6121e-02 2.4106e-03 6.7983e-02 1.7796e-03 7.9938e-02 2.4618e-03 6.1663e-02 2.0735e-03 1.0507e-03 2.4199e-02 1.0000e+00
2.4796e-02 7.5860e-02 2.3203e-03 6.0237e-02 1.7867e-03 7.3132e-02 2.3022e-03 5.0813e-02 2.0542e-03 1.0325e-03 2.5449e-02 1.0000e+00
2.6048e-02 5.6330e-02 2.1928e-03 6.0795e-02 1.7486e-03 6.3040e-02 2.2167e-03 4.9463e-02 2.0017e-03 1.0788e-03 2.6665e-02 1.0000e+00
2.7301e-02 4.5912e-02 2.1163e-03 5.5622e-02 1.6959e-03 6.1381e-02 2.1774e-03 4.9941e-02 1.9537e-03 1.2070e-03 2.7920e-02 1.0000e+00
2.8554e-02 4.8107e-02 2.0873e-03 5.2370e-02 1.6832e-03 5.4441e-02 2.1097e-03 5.1312e-02 1.9545e-03 1.3491e-03 2.9158e-02 1.0000e+00
2.9806e-02 3.9103e-02 2.2235e-03 4.6447e-02 1.7294e-03 5.0523e-02 2.2729e-03 3.2198e-02 1.9522e-03 1.4817e-03 3.0427e-02 1.0000e+00
3.1059e-02 5.8890e-02 2.2811e-03 3.7260e-02 1.7576e-03 5.9064e-02 2.2758e-03 3.3767e-02 2.0156e-03 1.4494e-03 3.1667e-02 1.0000e+00
3.2312e-02 3.8075e-02 2.1763e-03 3.1834e-02 1.7806e-03 4.5342e-02 2.2117e-03 3.4151e-02 2.0754e-03 1.5414e-03 3.2921e-02 1.0000e+00
3.3565e-02 4.2869e-02 2.2691e-03 3.8407e-02 1.7210e-03 4.1911e-02 2.2606e-03 3.8528e-02 1.9997e-03 1.5275e-03 3.4173e-02 1.0000e+00
3.4817e-02 4.0256e-02 2.3236e-03 3.0488e-02 1.8610e-03 4.1745e-02 2.3294e-03 2.6838e-02 2.1217e-03 1.5661e-03 3.5423e-02 1.0000e+00
3.6070e-02 6.7552e-02 2.3032e-03 2.3489e-02 1.8979e-03 6.5017e-02 2.2866e-03 1.1281e-02 2.0991e-03 1.6052e-03 3.6688e-02 1.0000e+00
3.7323e-02 4.8174e-02 2.2657e-03 2.7383e-02 1.8832e-03 3.9861e-02 2.2125e-03 2.6804e-02 2.1537e-03 1.9538e-03 3.7910e-02 1.0000e+00
3.8575e-02 4.8543e-02 2.4122e-03 3.2968e-02 1.7962e-03 3.6167e-02 2.3235e-03 2.7511e-02 2.0410e-03 2.2987e-03 3.9194e-02 1.0000e+00
3.9828e-02 3.8579e-02 2.5230e-03 3.1134e-02 2.0016e-03 3.6865e-02 2.5098e-03 1.8422e-02 2.2140e-03 2.6967e-03 4.0401e-02 1.0000e+00
4.1081e-02 4.9402e-02 2.4037e-03 3.8004e-02 2.0676e-03 5.3560e-02 2.4334e-03 2.2292e-02 2.2485e-03 3.0617e-03 4.1720e-02 1.0000e+00
4.2333e-02 4.1879e-02 3.1140e-03 2.7133e-02 2.4305e-03 3.0141e-02 2.9908e-03 2.0526e-02 2.7334e-03 3.7858e-03 4.2976e-02 1.0000e+00
4.3586e-02 4.9688e-02 2.7686e-03 1.1629e-02 1.9123e-03 3.2325e-02 2.4615e-03 9.8366e-03 2.2143e-03 4.1835e-03 4.4128e-02 1.0000e+00
4.4839e-02 3.5007e-02 1.4788e-03 2.6069e-02 9.8957e-04 4.2851e-02 1.9030e-03 2.4303e-02 1.1121e-03 4.7093e-03 4.5534e-02 1.0000e+00
4.6091e-02 2.8004e-02 1.1404e-03 1.4349e-02 7.9051e-04 4.1081e-02 1.2253e-03 1.3073e-02 9.2921e-04 5.3431e-03 4.6666e-02 1.0000e+00
4.7344e-02 3.0534e-02 1.1360e-03 1.3835e-02 6.7131e-04 3.6296e-02 1.1570e-03 1.2047e-02 7.7573e-04 4.4852e-03 4.7929e-02 1.0000e+00
4.8597e-02 3.4333e-02 1.1162e-03 1.2985e-02 5.9829e-04 4.1231e-02 1.1393e-03 1.2808e-02 6.9609e-04 4.6754e-03 4.9322e-02 1.0000e+00
4.9849e-02 3.2209e-02 1.1454e-03 9.9131e-03 6.5511e-04 3.8799e-02 1.1636e-03 9.8627e-03 7.6969e-04 4.8271e-03 5.0474e-02 1.0000e+00
5.1102e-02 3.0157e-02 1.1660e-03 1.2487e-02 6.1826e-04 3.0665e-02 1.1708e-03 1.2546e-02 7.3038e-04 4.5649e-03 5.1790e-02 1.0000e+00
5.2355e-02 4.2064e-02 1.0405e-03 1.1088e-02 5.9478e-04 4.2154e-02 1.0259e-03 8.1396e-03 6.6899e-04 4.8602e-03 5.2983e-02 1.0000e+00
5.3608e-02 3.2264e-02 1.1147e-03 9.8411e-03 5.7781e-04 3.8135e-02 1.1183e-03 9.6731e-03 6.8232e-04 4.4619e-03 5.4177e-02 1.0000e+00
5.4860e-02 4.6848e-02 1.0654e-03 7.3120e-03 6.0114e-04 4.0703e-02 1.0149e-03 8.6239e-03 7.0001e-04 4.5663e-03 5.5501e-02 1.0000e+00
5.6113e-02 4.1506e-02 1.0254e-03 9.7247e-03 5.5761e-04 4.2762e-02 1.0175e-03 1.2157e-02 6.5995e-04 4.5399e-03 5.6715e-02 1.0000e+00
5.7366e-02 4.2395e-02 1.1019e-03 3.3206e-03 6.1548e-04 4.4585e-02 1.1029e-03 3.2209e-03 6.9689e-04 4.3663e-03 5.7990e-02 1.0000e+00
5.8618e-02 5.9498e-02 1.1103e-03 7.3102e-03 5.9690e-04 6.3284e-02 1.1136e-03 5.2684e-03 6.7616e-04 4.4390e-03 5.9271e-02 1.0000e+00
5.9871e-02 6.3327e-02 1.0587e-03 2.8896e-03 5.2437e-04 6.5678e-02 1.0622e-03 5.1388e-03 6.0866e-04 4.4393e-03 6.0513e-02 1.0000e+00
6.1124e-02 7.5694e-02 1.0811e-03 4.5675e-03 5.1050e-04 8.5076e-02 1.1072e-03 2.9925e-03 5.7169e-04 4.4155e-03 6.1709e-02 1.0000e+00
6.2376e-02 9.2481e-02 1.2098e-03 4.6325e-03 5.3625e-04 9.1653e-02 1.2000e-03 8.0929e-04 5.9160e-04 4.2553e-03 6.2977e-02 1.0000e+00
6.3629e-02 1.0583e-01 1.1508e-03 1.7754e-03 5.1743e-04 1.1342e-01 1.1675e-03 1.5214e-03 5.7766e-04 4.3686e-03 6.4232e-02 1.0000e+00
6.4882e-02 1.1298e-01 1.2075e-03 4.7516e-03 5.2307e-04 1.1416e-01 1.2045e-03 8.9307e-05 5.7003e-04 4.1517e-03 6.5467e-02 1.0000e+00
6.6134e-02 1.2061e-01 1.2552e-03 3.1629e-03 4.9350e-04 1.4226e-01 1.3135e-03 -2.8975e-04 5.4151e-04 4.1522e-03 6.6827e-02 1.0000e+00
6.7387e-02 1.3176e-01 1.2247e-03 1.6672e-03 5.1662e-04 1.4309e-01 1.2507e-03 6.5143e-04 5.7818e-04 4.4424e-03 6.7982e-02 1.0000e+00
6.8640e-02 1.3127e-01 1.2300e-03 1.4154e-03 4.9959e-04 1.4336e-01 1.2590e-03 8.2617e-04 5.6512e-04 3.8968e-03 6.9276e-02 1.0000e+00
6.9892e-02 1.2770e-01 1.2680e-03 -2.7337e-04 5.1178e-04 1.3819e-01 1.2933e-03 -2.6429e-03 5.6882e-04 4.4685e-03 7.0570e-02 1.0000e+00
7.1145e-02 1.4185e-01 1.1657e-03 5.9409e-04 4.8199e-04 1.3227e-01 1.1326e-03 -1.8367e-03 5.2625e-04 4.0197e-03 7.1680e-02 1.0000e+00
7.2398e-02 1.1951e-01 1.1350e-03 -1.2093e-03 4.8650e-04 1.2881e-01 1.1560e-03 -2.0461e-03 5.4169e-04 3.9493e-03 7.3065e-02 1.0000e+00
7.3651e-02 1.0973e-01 1.0955e-03 -2.2294e-03 5.0642e-04 1.2487e-01 1.1343e-03 -3.0300e-03 5.5716e-04 4.3727e-03 7.4233e-02 1.0000e+00
7.4903e-02 9.6265e-02 1.0581e-03 4.0370e-03 4.4828e-04 1.0860e-01 1.0913e-03 4.4795e-03 5.1600e-04 3.7725e-03 7.5480e-02 1.0000e+00
7.6156e-02 7.7987e-02 9.9934e-04 5.5299e-04 4.4340e-04 9.1257e-02 1.0384e-03 5.5009e-04 5.0244e-04 4.0405e-03 7.6841e-02 1.0000e+00
7.7409e-02 7.5969e-02 9.6125e-04 2.8463e-03 4.2896e-04 8.4265e-02 9.8427e-04 3.5416e-03 4.9585e-04 4.0974e-03 7.7988e-02 1.0000e+00
7.8661e-02 6.4846e-02 9.2888e-04 1.8979e-03 4.4808e-04 7.2029e-02 9.4945e-04 9.2361e-04 5.0337e-04 3.8681e-03 7.9255e-02 1.0000e+00
7.9914e-02 5.6636e-02 8.6316e-04 -1.6522e-03 4.4893e-04 6.0538e-02 8.7197e-04 -1.2786e-03 4.9907e-04 3.8524e-03 8.0553e-02 1.0000e+00
8.1167e-02 4.3458e-02 8.4631e-04 1.3556e-03 4.3171e-04 4.2708e-02 8.3993e-04 -1.3175e-03 4.6743e-04 3.9528e-03 8.1801e-02 1.0000e+00
8.2419e-02 3.4727e-02 7.7934e-04 2.2094e-04 4.3873e-04 4.1730e-02 8.0295e-04 6.0347e-04 4.9190e-04 3.9195e-03 8.3032e-02 1.0000e+00
8.3672e-02 3.2982e-02 7.4596e-04 1.5108e-04 4.3095e-04 3.5093e-02 7.5076e-04 4.6134e-04 4.8091e-04 3.7028e-03 8.4311e-02 1.0000e+00
8.4925e-02 2.4715e-02 7.4500e-04 -1.9196e-03 4.3216e-04 2.5269e-02 7.4439e-04 -2.7741e-03 4.7613e-04 3.9721e-03 8.5562e-02 1.0000e+00
8.6177e-02 2.2294e-02 7.0567e-04 2.7461e-05 4.2184e-04 2.7061e-02 7.2334e-04 -2.1519e-03 4.6038e-04 3.8080e-03 8.6743e-02 1.0000e+00
8.7430e-02 1.5343e-02 6.5586e-04 8.2421e-04 4.2406e-04 2.0022e-02 6.7177e-04 6.6289e-04 4.6853e-04 3.6218e-03 8.8087e-02 1.0000e+00
8.8683e-02 1.5198e-02 6.6073e-04 1.8178e-03 3.9941e-04 1.8135e-02 6.7101e-04 -3.0596e-04 4.3572e-04 3.8889e-03 8.9303e-02 1.0000e+00
8.9935e-02 1.7162e-02 6.5055e-04 1.5035e-03 4.2009e-04 1.8827e-02 6.5524e-04 6.2626e-04 4.6306e-04 3.6636e-03 9.0562e-02 1.0000e+00
9.1188e-02 1.3564e-02 6.1580e-04 1.5252e-03 3.8745e-04 1.1577e-02 6.0587e-04 2.1388e-03 4.3545e-04 3.7205e-03 9.1860e-02 1.0000e+00
9.2441e-02 9.2400e-03 6.7331e-04 1.7623e-03 4.2508e-04 9.0310e-03 6.7028e-04 -1.0367e-03 4.6400e-04 3.8266e-03 9.2991e-02 1.0000e+00
9.3694e-02 3.6760e-03 6.3954e-04 1.1018e-03 3.9009e-04 4.9942e-03 6.4347e-04 -2.7960e-03 4.1624e-04 3.5726e-03 9.4306e-02 1.0000e+00
9.4946e-02 6.5856e-03 6.2025e-04 1.3243e-03 3.8992e-04 8.5438e-03 6.2616e-04 2.7948e-03 4.4286e-04 3.8275e-03 9.5496e-02 1.0000e+00
9.6199e-02 1.0644e-02 6.1338e-04 -1.9927e-03 4.2236e-04 1.2305e-02 6.1835e-04 -3.3713e-03 4.5770e-04 3.4299e-03 9.6761e-02 1.0000e+00
9.7452e-02 6.9277e-03 5.9532e-04 2.5621e-03 3.7922e-04 1.1760e-02 6.1367e-04 1.5802e-03 4.2184e-04 3.6537e-03 9.8120e-02 1.0000e+00
9.8704e-02 5.9490e-03 6.0152e-04 7.3190e-04 3.7277e-04 2.8522e-03 5.8809e-04 2.0198e-03 4.2023e-04 3.5620e-03 9.9304e-02 1.0000e+00
9.9957e-02 1.9550e-03 6.4966e-04 7.5176e-04 3.9335e-04 3.3805e-03 6.5389e-04 2.2417e-03 4.4797e-04 3.4661e-03 1.0064e-01 1.0000e+00
1.0121e-01 3.8055e-03 5.9698e-04 6.6670e-04 3.8622e-04 1.1282e-02 6.2959e-04 8.5472e-04 4.3789e-04 3.8156e-03 1.0185e-01 1.0000e+00
1.0246e-01 1.0783e-02 5.7402e-04 1.3263e-03 3.6411e-04 9.1938e-03 5.6652e-04 5.0996e-04 4.0096e-04 3.3882e-03 1.0304e-01 1.0000e+00
1.0372e-01 6.4503e-03 6.3732e-04 -1.6582e-03 4.1300e-04 3.9154e-03 6.2497e-04 -3.2360e-03 4.4856e-04 3.5907e-03 1.0434e-01 1.0000e+00
1.0497e-01 1.4610e-02 5.7967e-04 5.8757e-04 3.8448e-04 1.4694e-02 5.7813e-04 -6.4418e-04 4.2300e-04 3.4454e-03 1.0558e-01 1.0000e+00
1.0622e-01 1.3619e-02 5.9987e-04 1.1673e-03 3.8280e-04 1.1305e-02 5.8980e-04 -1.6596e-03 4.1216e-04 3.4345e-03 1.0686e-01 1.0000e+00
1.0747e-01 1.5494e-02 5.9481e-04 2.1053e-03 3.8840e-04 1.4917e-02 5.9039e-04 6.4511e-04 4.3022e-04 3.5054e-03 1.0812e-01 1.0000e+00
1.0873e-01 1.1049e-02 5.9275e-04 1.2385e-03 3.7290e-04 1.1706e-02 5.9344e-04 1.2343e-03 4.1617e-04 3.4246e-03 1.0938e-01 1.0000e+00
1.0998e-01 1.2765e-02 5.7525e-04 1.6853e-03 3.4715e-04 1.4450e-02 5.7970e-04 1.6123e-03 3.8923e-04 3.4828e-03 1.1058e-01 1.0000e+00
1.1123e-01 1.4144e-02 6.0800e-04 8.6367e-04 3.6488e-04 1.3216e-02 6.0224e-04 1.5219e-04 4.0660e-04 3.3716e-03 1.1184e-01 1.0000e+00
1.1248e-01 1.2203e-02 5.9124e-04 2.4589e-03 3.6229e-04 1.3633e-02 5.9459e-04 1.0140e-03 4.0069e-04 3.5197e-03 1.1310e-01 1.0000e+00
1.1374e-01 1.1233e-02 5.7041e-04 -1.2982e-04 3.6425e-04 1.6570e-02 5.8750e-04 8.1419e-04 4.0824e-04 3.3207e-03 1.1426e-01 1.0000e+00
1.1499e-01 1.5540e-02 5.8723e-04 3.0365e-03 3.5158e-04 1.4214e-02 5.8059e-04 -6.3338e-04 3.7600e-04 3.2333e-03 1.1564e-01 1.0000e+00
1.1624e-01 1.5051e-02 5.7876e-04 2.1757e-03 3.5149e-04 1.5266e-02 5.7767e-04 7.6223e-04 3.8728e-04 3.5587e-03 1.1687e-01 1.0000e+00
1.1749e-01 1.4842e-02 5.6798e-04 -3.5118e-04 3.5960e-04 1.4542e-02 5.6499e-04 -7.9637e-04 3.9815e-04 3.1887e-03 1.1807e-01 1.0000e+00
1.1875e-01 1.1989e-02 5.8313e-04 4.7225e-04 3.4432e-04 1.2466e-02 5.8301e-04 1.9429e-04 3.8717e-04 3.2933e-03 1.1944e-01 1.0000e+00
1.2000e-01 1.3877e-02 5.6778e-04 4.8020e-05 3.6255e-04 1.3553e-02 5.6476e-04 4.4901e-04 4.0470e-04 3.4763e-03 1.2058e-01 1.0000e+00
