Q, UU, DelUU, DU, DelDU, DD, DelDD, UD, DelUD, Q_Unc, Q_mean, Shadow
3.5000e-03 6.6308e+01 1.0613e-01 -3.5678e-02 1.1925e-02 7.2325e+01 1.0890e-01 -1.0327e-01 1.1568e-02 2.5882e-03 4.1925e-03 1.0000e+00
4.7527e-03 1.3020e+01 4.2271e-02 9.5476e-02 6.0415e-03 1.3966e+01 4.3042e-02 1.0134e-01 6.0216e-03 2.3278e-03 5.4526e-03 1.0000e+00
6.0054e-03 4.6446e+00 2.3403e-02 1.2674e-01 4.9318e-03 5.1855e+00 2.4192e-02 1.1828e-01 4.8573e-03 1.9906e-03 6.6801e-03 1.0000e+00
7.2581e-03 2.4091e+00 1.6050e-02 1.2572e-01 4.1331e-03 2.6622e+00 1.6531e-02 1.3901e-01 4.1738e-03 1.8646e-03 7.9265e-03 1.0000e+00
8.5108e-03 1.3208e+00 1.1078e-02 1.2079e-01 3.6646e-03 1.4818e+00 1.1450e-02 1.1053e-01 3.5991e-03 1.7104e-03 9.1639e-03 1.0000e+00
9.7634e-03 7.6666e-01 8.1821e-03 1.1441e-01 3.1873e-03 8.8462e-01 8.4975e-03 1.4633e-01 3.3064e-03 1.6170e-03 1.0409e-02 1.0000e+00
1.1016e-02 5.6509e-01 6.5521e-03 1.0797e-01 2.9098e-03 6.0355e-01 6.6371e-03 1.1949e-01 2.9466e-03 1.4994e-03 1.1670e-02 1.0000e+00
1.2269e-02 3.6712e-01 5.4823e-03 1.0350e-01 2.8243e-03 3.8900e-01 5.5323e-03 1.1671e-01 2.8694e-03 1.4517e-03 1.2927e-02 1.0000e+00
1.3522e-02 2.3382e-01 4.6155e-03 9.2383e-02 2.8092e-03 2.9694e-01 4.8573e-03 9.4916e-02 2.8084e-03 1.3684e-03 1.4178e-02 1.0000e+00
1.4774e-02 2.1064e-01 4.1387e-03 9.7064e-02 2.4593e-03 2.3373e-01 4.2214e-03 1.2282e-01 2.5543e-03 1.3351e-03 1.5422e-02 1.0000e+00
1.6027e-02 1.7865e-01 3.8137e-03 8.8803e-02 2.3609e-03 1.7204e-01 3.7582e-03 1.0187e-01 2.4029e-03 1.2723e-03 1.6657e-02 1.0000e+00
1.7280e-02 1.3141e-01 3.4774e-03 7.1885e-02 2.3516e-03 1.5157e-01 3.5560e-03 9.0018e-02 2.4107e-03 1.2250e-03 1.7905e-02 1.0000e+00
1.8532e-02 9.0417e-02 3.1249e-03 7.0150e-02 2.2196e-03 1.2384e-01 3.2681e-03 9.7240e-02 2.3040e-03 1.1782e-03 1.9162e-02 1.0000e+00
1.9785e-02 1.0659e-01 2.9541e-03 8.0085e-02 2.1113e-03 1.3271e-01 3.0652e-03 8.0274e-02 2.1060e-03 1.1465e-03 2.0420e-02 1.0000e+00
2.1038e-02 1.1224e-01 2.8147e-03 6.9517e-02 1.9525e-03 9.5206e-02 2.7176e-03 8.0106e-02 1.9847e-03 1.1098e-03 2.1677e-02 1.0000e+00
2.2290e-02 7.7225e-02 2.6554e-03 5.4212e-02 2.0844e-03 8.3809e-02 2.6763e-03 6.6505e-02 2.1187e-03 1.0816e-03 2.2936e-02 1.0000e+00
2.3543e-02 7.3683e-02 2.5914e-03 5.9000e-02 1.8227e-03 7.3065e-02 2.5768e-03 7.4891e-02 1.8710e-03 1.0538e-03 2.4189e-02 1.0000e+00
2.4796e-02 6.7471e-02 2.4199e-03 5.4468e-02 1.8349e-03 6.1641e-02 2.3811e-03 7.3588e-02 1.8918e-03 1.0252e-03 2.5446e-02 1.0000e+00
2.6048e-02 5.6334e-02 2.3428e-03 4.9546e-02 1.7900e-03 5.4524e-02 2.3249e-03 6.0667e-02 1.8224e-03 1.0788e-03 2.6667e-02 1.0000e+00
2.7301e-02 5.0337e-02 2.2809e-03 4.3855e-02 1.7336e-03 6.5021e-02 2.3430e-03 5.5176e-02 1.7666e-03 1.2275e-03 2.7912e-02 1.0000e+00
2.8554e-02 4.8733e-02 2.2003e-03 4.3163e-02 1.7108e-03 4.1648e-02 2.1585e-03 6.3790e-02 1.7700e-03 1.3374e-03 2.9142e-02 1.0000e+00
2.9806e-02 4.6288e-02 2.3679e-03 3.8677e-02 1.7569e-03 4.9184e-02 2.3738e-03 5.5533e-02 1.8113e-03 1.4575e-03 3.0430e-02 1.0000e+00
3.1059e-02 4.1035e-02 2.3172e-03 3.8550e-02 1.8219e-03 4.8557e-02 2.3526e-03 5.2585e-02 1.8665e-03 1.4573e-03 3.1684e-02 1.0000e+00
3.2312e-02 5.5207e-02 2.4090e-03 3.6083e-02 1.8606e-03 4.9395e-02 2.3655e-03 4.4192e-02 1.8877e-03 1.5272e-03 3.2935e-02 1.0000e+00
3.3565e-02 3.5916e-02 2.3547e-03 3.4854e-02 1.7625e-03 2.6860e-02 2.2928e-03 4.2740e-02 1.7922e-03 1.5371e-03 3.4188e-02 1.0000e+00
3.4817e-02 3.5771e-02 2.4684e-03 2.2037e-02 1.9064e-03 4.0571e-02 2.4882e-03 3.8077e-02 1.9685e-03 1.5851e-03 3.5428e-02 1.0000e+00
3.6070e-02 4.9903e-02 2.3240e-03 1.9554e-02 1.9396e-03 6.3234e-02 2.4136e-03 2.9583e-02 1.9811e-03 1.6051e-03 3.6679e-02 1.0000e+00
3.7323e-02 4.3220e-02 2.3803e-03 1.9801e-02 1.9216e-03 4.9412e-02 2.4142e-03 2.6202e-02 1.9470e-03 1.9127e-03 3.7893e-02 1.0000e+00
3.8575e-02 4.1634e-02 2.5146e-03 4.1178e-02 1.9020e-03 4.8735e-02 2.5470e-03 4.3339e-02 1.9080e-03 2.3093e-03 3.9207e-02 1.0000e+00
3.9828e-02 2.8127e-02 2.5872e-03 2.5553e-02 2.0444e-03 4.4125e-02 2.6992e-03 3.2110e-02 2.0675e-03 2.6237e-03 4.0410e-02 1.0000e+00
4.1081e-02 5.3693e-02 2.5808e-03 2.5329e-02 2.0663e-03 6.1586e-02 2.6138e-03 3.0743e-02 2.0930e-03 3.0615e-03 4.1704e-02 1.0000e+00
4.2333e-02 2.7202e-02 3.0547e-03 9.6653e-03 2.3700e-03 2.7162e-02 3.0545e-03 1.9344e-02 2.4203e-03 3.6858e-03 4.2984e-02 1.0000e+00
4.3586e-02 5.2966e-02 2.9411e-03 1.9930e-02 2.0493e-03 4.4013e-02 2.7313e-03 2.6510e-02 2.0997e-03 4.2071e-03 4.4112e-02 1.0000e+00
4.4839e-02 3.8667e-02 2.0684e-03 1.8639e-02 9.2895e-04 3.2371e-02 1.6864e-03 2.3734e-02 1.0337e-03 4.6284e-03 4.5510e-02 1.0000e+00
4.6091e-02 3.4742e-02 1.2742e-03 1.0469e-02 7.9534e-04 3.1333e-02 1.2132e-03 1.2069e-02 8.0791e-04 5.3431e-03 4.6674e-02 1.0000e+00
4.7344e-02 3.8851e-02 1.2673e-03 1.4176e-02 7.0047e-04 3.4177e-02 1.2357e-03 1.5253e-02 7.0589e-04 4.5370e-03 4.7894e-02 1.0000e+00
4.8597e-02 2.9436e-02 1.1206e-03 1.3233e-02 6.1265e-04 3.5649e-02 1.1534e-03 1.7076e-02 6.3126e-04 4.6468e-03 4.9286e-02 1.0000e+00
4.9849e-02 3.1060e-02 1.1952e-03 1.2829e-02 6.9619e-04 4.2240e-02 1.2779e-03 1.0938e-02 6.7779e-04 4.8592e-03 5.0443e-02 1.0000e+00
5.1102e-02 3.6596e-02 1.2147e-03 1.3074e-02 6.3045e-04 3.5536e-02 1.2100e-03 1.3721e-02 6.3323e-04 4.5383e-03 5.1748e-02 1.0000e+00
5.2355e-02 4.0668e-02 1.1003e-03 7.3671e-03 5.9445e-04 4.5527e-02 1.1082e-03 8.7743e-03 6.0112e-04 4.8281e-03 5.2963e-02 1.0000e+00
5.3608e-02 3.5033e-02 1.1441e-03 7.0773e-03 5.7426e-04 3.6958e-02 1.1638e-03 9.7582e-03 5.8416e-04 4.4619e-03 5.4166e-02 1.0000e+00
5.4860e-02 5.1738e-02 1.1987e-03 6.2599e-03 6.2811e-04 4.7151e-02 1.1708e-03 6.1263e-03 6.2217e-04 4.5663e-03 5.5473e-02 1.0000e+00
5.6113e-02 4.2982e-02 1.0697e-03 7.2939e-03 5.5844e-04 4.6543e-02 1.0907e-03 1.1518e-02 5.7765e-04 4.4135e-03 5.6743e-02 1.0000e+00
5.7366e-02 4.4280e-02 1.1828e-03 3.9689e-03 6.3669e-04 4.7666e-02 1.1911e-03 5.4322e-03 6.3897e-04 4.4385e-03 5.8016e-02 1.0000e+00
5.8618e-02 5.7797e-02 1.1254e-03 3.3550e-03 5.8093e-04 6.8607e-02 1.1942e-03 4.9087e-03 5.9005e-04 4.4390e-03 5.9274e-02 1.0000e+00
5.9871e-02 6.0336e-02 1.1281e-03 3.4916e-03 5.4123e-04 7.4782e-02 1.1842e-03 7.1015e-03 5.5741e-04 4.4894e-03 6.0524e-02 1.0000e+00
6.1124e-02 8.9741e-02 1.2299e-03 6.5973e-03 5.4026e-04 8.3040e-02 1.1910e-03 5.6328e-03 5.3526e-04 4.3914e-03 6.1686e-02 1.0000e+00
6.2376e-02 8.5207e-02 1.2682e-03 4.8587e-03 5.5248e-04 1.0053e-01 1.3206e-03 7.1457e-03 5.6200e-04 4.2338e-03 6.2984e-02 1.0000e+00
6.3629e-02 1.0681e-01 1.2357e-03 3.9316e-03 5.3607e-04 1.1313e-01 1.2466e-03 3.1880e-03 5.3253e-04 4.4656e-03 6.4229e-02 1.0000e+00
6.4882e-02 1.1856e-01 1.3167e-03 5.1014e-04 5.1857e-04 1.3325e-01 1.3555e-03 4.5271e-03 5.3516e-04 4.0925e-03 6.5444e-02 1.0000e+00
6.6134e-02 1.2489e-01 1.3255e-03 1.8904e-03 4.9314e-04 1.4467e-01 1.3768e-03 4.9235e-03 5.0515e-04 4.0930e-03 6.6842e-02 1.0000e+00
6.7387e-02 1.4434e-01 1.3775e-03 -1.2045e-03 5.1844e-04 1.5732e-01 1.4062e-03 4.1691e-04 5.2472e-04 4.5183e-03 6.8012e-02 1.0000e+00
6.8640e-02 1.4761e-01 1.3996e-03 2.1113e-03 5.1653e-04 1.4787e-01 1.3873e-03 2.7725e-03 5.1910e-04 3.9305e-03 6.9257e-02 1.0000e+00
6.9892e-02 1.3775e-01 1.3601e-03 -1.9523e-03 5.1007e-04 1.4757e-01 1.3793e-03 1.0746e-03 5.2247e-04 4.3025e-03 7.0586e-02 1.0000e+00
7.1145e-02 1.3764e-01 1.2707e-03 1.3253e-03 4.9806e-04 1.4413e-01 1.2792e-03 -3.0119e-04 4.9125e-04 4.1744e-03 7.1689e-02 1.0000e+00
7.2398e-02 1.2377e-01 1.2200e-03 -1.2897e-04 4.9865e-04 1.4044e-01 1.2617e-03 -1.2196e-03 4.9356e-04 3.9150e-03 7.3028e-02 1.0000e+00
7.3651e-02 1.1026e-01 1.1780e-03 -1.6378e-03 5.1735e-04 1.2876e-01 1.2280e-03 -4.8794e-04 5.2084e-04 4.1756e-03 7.4287e-02 1.0000e+00
7.4903e-02 9.9940e-02 1.1489e-03 3.7680e-03 4.5847e-04 1.1304e-01 1.1844e-03 4.8392e-03 4.6240e-04 3.9159e-03 7.5517e-02 1.0000e+00
7.6156e-02 8.2498e-02 1.0636e-03 2.6552e-04 4.4824e-04 8.8352e-02 1.0756e-03 2.5047e-03 4.5731e-04 4.0039e-03 7.6838e-02 1.0000e+00
7.7409e-02 8.4443e-02 1.1195e-03 1.1966e-03 4.4086e-04 7.3644e-02 1.0659e-03 3.9422e-03 4.5484e-04 4.0975e-03 7.8019e-02 1.0000e+00
7.8661e-02 6.1612e-02 9.8137e-04 -7.5420e-04 4.4788e-04 7.0247e-02 1.0077e-03 3.1993e-03 4.6437e-04 3.9519e-03 7.9233e-02 1.0000e+00
7.9914e-02 5.5793e-02 8.9315e-04 -1.2552e-03 4.5492e-04 5.5955e-02 8.8726e-04 9.7877e-04 4.6250e-04 3.7897e-03 8.0527e-02 1.0000e+00
8.1167e-02 4.0639e-02 8.8826e-04 1.2285e-03 4.4118e-04 4.1995e-02 8.8777e-04 3.9244e-03 4.5181e-04 4.0239e-03 8.1788e-02 1.0000e+00
8.2419e-02 3.5496e-02 8.4009e-04 1.5314e-03 4.5598e-04 4.3273e-02 8.6819e-04 2.7465e-03 4.6033e-04 3.8377e-03 8.3008e-02 1.0000e+00
8.3672e-02 3.3613e-02 7.9542e-04 -1.4339e-03 4.3474e-04 3.4902e-02 7.9570e-04 -9.6911e-04 4.3652e-04 3.7028e-03 8.4317e-02 1.0000e+00
8.4925e-02 2.4316e-02 8.1561e-04 -6.3902e-04 4.5414e-04 2.5619e-02 8.1707e-04 7.3769e-04 4.6018e-04 4.0819e-03 8.5549e-02 1.0000e+00
8.6177e-02 2.5923e-02 7.4069e-04 1.1846e-03 4.3081e-04 2.3659e-02 7.2628e-04 1.0915e-03 4.3033e-04 3.7184e-03 8.6725e-02 1.0000e+00
8.7430e-02 1.5535e-02 6.9748e-04 -7.1456e-04 4.2954e-04 1.9564e-02 7.1157e-04 2.0506e-03 4.3915e-04 3.6086e-03 8.8103e-02 1.0000e+00
8.8683e-02 1.9988e-02 7.3374e-04 1.1502e-03 4.1030e-04 1.4718e-02 7.0386e-04 2.8692e-03 4.1769e-04 3.9565e-03 8.9312e-02 1.0000e+00
8.9935e-02 1.9286e-02 6.8264e-04 -2.1301e-04 4.2032e-04 1.4356e-02 6.5729e-04 1.8531e-03 4.2760e-04 3.5838e-03 9.0570e-02 1.0000e+00
9.1188e-02 1.3976e-02 6.6973e-04 1.9104e-03 4.0399e-04 1.5974e-02 6.7571e-04 4.4387e-03 4.1351e-04 3.7498e-03 9.1894e-02 1.0000e+00
9.2441e-02 9.1500e-03 6.8325e-04 -7.0618e-04 4.1928e-04 1.3157e-02 6.9935e-04 5.8865e-04 4.2419e-04 3.8421e-03 9.3014e-02 1.0000e+00
9.3694e-02 3.7851e-03 6.9526e-04 1.1850e-03 4.0814e-04 1.1768e-03 6.7833e-04 1.7071e-03 4.1035e-04 3.5727e-03 9.4313e-02 1.0000e+00
9.4946e-02 4.2180e-03 6.2315e-04 8.0806e-04 3.9226e-04 8.1564e-03 6.3703e-04 2.3566e-03 3.9716e-04 3.7223e-03 9.5554e-02 1.0000e+00
9.6199e-02 9.1707e-03 6.6257e-04 -2.0571e-03 4.3821e-04 8.8046e-03 6.5768e-04 -1.9803e-03 4.3840e-04 3.5738e-03 9.6767e-02 1.0000e+00
9.7452e-02 9.5174e-03 6.3519e-04 2.1835e-03 3.8717e-04 9.7146e-03 6.3319e-04 2.2244e-03 3.8719e-04 3.6003e-03 9.8095e-02 1.0000e+00
9.8704e-02 3.4801e-03 6.2726e-04 1.5103e-03 3.8653e-04 5.4131e-03 6.3315e-04 4.1082e-03 3.9551e-04 3.6676e-03 9.9282e-02 1.0000e+00
9.9957e-02 6.8318e-03 6.9556e-04 1.1219e-03 4.0248e-04 2.9553e-03 6.7494e-04 2.6069e-03 4.0821e-04 3.4205e-03 1.0058e-01 1.0000e+00
1.0121e-01 1.0444e-02 6.2798e-04 4.9447e-04 3.8597e-04 1.1093e-02 6.2783e-04 1.7640e-03 3.9037e-04 3.6286e-03 1.0187e-01 1.0000e+00
1.0246e-01 9.7842e-03 6.3347e-04 7.0823e-04 3.8085e-04 1.1958e-02 6.4048e-04 2.0649e-03 3.8591e-04 3.5766e-03 1.0306e-01 1.0000e+00
1.0372e-01 9.1288e-03 6.7925e-04 -9.0680e-04 4.2502e-04 1.2570e-02 6.9124e-04 -8.3161e-04 4.2505e-04 3.5526e-03 1.0429e-01 1.0000e+00
1.0497e-01 1.4825e-02 6.1389e-04 1.4221e-04 3.9244e-04 1.2946e-02 6.0237e-04 1.1525e-03 3.9582e-04 3.4228e-03 1.0556e-01 1.0000e+00
1.0622e-01 1.2114e-02 6.2624e-04 -5.7556e-04 3.8675e-04 1.4101e-02 6.3112e-04 2.0587e-03 3.9501e-04 3.4805e-03 1.0683e-01 1.0000e+00
1.0747e-01 1.6530e-02 6.3063e-04 2.0264e-04 3.9095e-04 1.6916e-02 6.2900e-04 2.8506e-03 4.0047e-04 3.4132e-03 1.0810e-01 1.0000e+00
1.0873e-01 1.4481e-02 6.2813e-04 4.3078e-04 3.7681e-04 1.6784e-02 6.3410e-04 4.7406e-03 3.9067e-04 3.3808e-03 1.0942e-01 1.0000e+00
1.0998e-01 1.2807e-02 6.2323e-04 1.3184e-03 3.5957e-04 1.7497e-02 6.4055e-04 4.1128e-03 3.6992e-04 3.5681e-03 1.1062e-01 1.0000e+00
1.1123e-01 1.2275e-02 6.3524e-04 1.3946e-03 3.7685e-04 1.3605e-02 6.3788e-04 3.0611e-03 3.8285e-04 3.3610e-03 1.1184e-01 1.0000e+00
1.1248e-01 1.3902e-02 6.4723e-04 3.2108e-04 3.6911e-04 1.3388e-02 6.4152e-04 2.8408e-03 3.7836e-04 3.5079e-03 1.1311e-01 1.0000e+00
1.1374e-01 1.5024e-02 6.0644e-04 5.4240e-04 3.7224e-04 1.4157e-02 6.0013e-04 1.7570e-03 3.7585e-04 3.3620e-03 1.1426e-01 1.0000e+00
1.1499e-01 1.4335e-02 6.1527e-04 1.2127e-03 3.5472e-04 1.4663e-02 6.1347e-04 4.0140e-03 3.6442e-04 3.2428e-03 1.1561e-01 1.0000e+00
1.1624e-01 1.5729e-02 6.0394e-04 1.6646e-03 3.5632e-04 1.7414e-02 6.0747e-04 3.0946e-03 3.6090e-04 3.4513e-03 1.1688e-01 1.0000e+00
1.1749e-01 1.5494e-02 6.0683e-04 -4.3901e-04 3.6921e-04 1.5347e-02 6.0300e-04 1.8592e-03 3.7681e-04 3.2826e-03 1.1807e-01 1.0000e+00
1.1875e-01 1.1419e-02 6.1900e-04 1.2754e-03 3.5821e-04 1.3039e-02 6.2296e-04 2.9812e-03 3.6455e-04 3.2736e-03 1.1941e-01 1.0000e+00
1.2000e-01 1.1960e-02 5.8827e-04 -2.4010e-04 3.6946e-04 1.2125e-02 5.8614e-04 1.8007e-04 3.7070e-04 3.4762e-03 1.2058e-01 1.0000e+00
