Q, I, DelI, Q_Unc, Q_mean, Shadow
3.5000e-03 6.0885e+01 3.7902e-01 2.6120e-03 4.1872e-03 1.0000e+00
4.7527e-03 1.1305e+01 1.4997e-01 2.2781e-03 5.4548e-03 1.0000e+00
6.0054e-03 4.4917e+00 7.6230e-02 1.9906e-03 6.6953e-03 1.0000e+00
7.2581e-03 2.0740e+00 4.9331e-02 1.8735e-03 7.9338e-03 1.0000e+00
8.5108e-03 1.3489e+00 3.6096e-02 1.7241e-03 9.1537e-03 1.0000e+00
9.7634e-03 8.0786e-01 2.5609e-02 1.6112e-03 1.0394e-02 1.0000e+00
1.1016e-02 5.6671e-01 2.0487e-02 1.4994e-03 1.1659e-02 1.0000e+00
1.2269e-02 4.3731e-01 1.6974e-02 1.4475e-03 1.2920e-02 1.0000e+00
1.3522e-02 3.4625e-01 1.4042e-02 1.3719e-03 1.4171e-02 1.0000e+00
1.4774e-02 2.7582e-01 1.1726e-02 1.3416e-03 1.5410e-02 1.0000e+00
1.6027e-02 2.3293e-01 1.0754e-02 1.2585e-03 1.6655e-02 1.0000e+00
1.7280e-02 2.0107e-01 9.8277e-03 1.2300e-03 1.7911e-02 1.0000e+00
1.8532e-02 1.6087e-01 8.6291e-03 1.1805e-03 1.9162e-02 1.0000e+00
1.9785e-02 1.4271e-01 8.1549e-03 1.1445e-03 2.0421e-02 1.0000e+00
2.1038e-02 1.4904e-01 7.2111e-03 1.1117e-03 2.1677e-02 1.0000e+00
2.2290e-02 1.2920e-01 6.7907e-03 1.0833e-03 2.2932e-02 1.0000e+00
2.3543e-02 1.1930e-01 6.6307e-03 1.0522e-03 2.4185e-02 1.0000e+00
2.4796e-02 1.1136e-01 6.0961e-03 1.0223e-03 2.5446e-02 1.0000e+00
2.6048e-02 9.0757e-02 5.6573e-03 1.0754e-03 2.6675e-02 1.0000e+00
2.7301e-02 8.4489e-02 5.5972e-03 1.2314e-03 2.7918e-02 1.0000e+00
2.8554e-02 7.8023e-02 4.9226e-03 1.3333e-03 2.9147e-02 1.0000e+00
2.9806e-02 7.9158e-02 5.1413e-03 1.4694e-03 3.0438e-02 1.0000e+00
3.1059e-02 6.5223e-02 4.7622e-03 1.4614e-03 3.1680e-02 1.0000e+00
3.2312e-02 6.5359e-02 4.5013e-03 1.5279e-03 3.2935e-02 1.0000e+00
3.3565e-02 6.6649e-02 4.5089e-03 1.5410e-03 3.4186e-02 1.0000e+00
3.4817e-02 5.2022e-02 4.0949e-03 1.5755e-03 3.5423e-02 1.0000e+00
3.6070e-02 5.7649e-02 4.3490e-03 1.5904e-03 3.6683e-02 1.0000e+00
3.7323e-02 5.0109e-02 6.3551e-03 1.9506e-03 3.7900e-02 1.0000e+00
3.8575e-02 5.8679e-02 1.3450e-02 2.2738e-03 3.9186e-02 1.0000e+00
3.9828e-02 4.6803e-02 3.5536e-03 2.6458e-03 4.0408e-02 1.0000e+00
4.1081e-02 4.7396e-02 3.0658e-03 3.1056e-03 4.1723e-02 1.0000e+00
4.2333e-02 3.7905e-02 3.9768e-03 3.6859e-03 4.2967e-02 1.0000e+00
4.3586e-02 4.7380e-02 3.0396e-03 4.2071e-03 4.4124e-02 1.0000e+00
4.4839e-02 4.2455e-02 2.9343e-03 4.6567e-03 4.5528e-02 1.0000e+00
4.6091e-02 4.4062e-02 3.6174e-03 5.3431e-03 4.6669e-02 1.0000e+00
4.7344e-02 4.3190e-02 2.6631e-03 4.4852e-03 4.7932e-02 1.0000e+00
4.8597e-02 4.0506e-02 2.9199e-03 4.6754e-03 4.9324e-02 1.0000e+00
4.9849e-02 3.9417e-02 3.2567e-03 4.8271e-03 5.0477e-02 1.0000e+00
5.1102e-02 3.6614e-02 2.5848e-03 4.6196e-03 5.1779e-02 1.0000e+00
5.2355e-02 4.2001e-02 2.9254e-03 4.7966e-03 5.2970e-02 1.0000e+00
5.3608e-02 4.2355e-02 2.9119e-03 4.4619e-03 5.4180e-02 1.0000e+00
5.4860e-02 4.0373e-02 2.6015e-03 4.5663e-03 5.5504e-02 1.0000e+00
5.6113e-02 3.9092e-02 2.9930e-03 4.5399e-03 5.6719e-02 1.0000e+00
5.7366e-02 4.8504e-02 2.5846e-03 4.3663e-03 5.7993e-02 1.0000e+00
5.8618e-02 5.2758e-02 2.6028e-03 4.4390e-03 5.9273e-02 1.0000e+00
5.9871e-02 5.8295e-02 3.0462e-03 4.4393e-03 6.0516e-02 1.0000e+00
6.1124e-02 6.5807e-02 2.8373e-03 4.4400e-03 6.1705e-02 1.0000e+00
6.2376e-02 8.3695e-02 2.9169e-03 4.2337e-03 6.2973e-02 1.0000e+00
6.3629e-02 8.8664e-02 3.4660e-03 4.3686e-03 6.4235e-02 1.0000e+00
6.4882e-02 1.0061e-01 3.1536e-03 4.1517e-03 6.5470e-02 1.0000e+00
6.6134e-02 1.1272e-01 3.3409e-03 4.1522e-03 6.6830e-02 1.0000e+00
6.7387e-02 1.2730e-01 3.7511e-03 4.4424e-03 6.7985e-02 1.0000e+00
6.8640e-02 1.2677e-01 3.1049e-03 3.8968e-03 6.9279e-02 1.0000e+00
6.9892e-02 1.2235e-01 3.4776e-03 4.4685e-03 7.0573e-02 1.0000e+00
7.1145e-02 1.1622e-01 3.6030e-03 4.0197e-03 7.1683e-02 1.0000e+00
7.2398e-02 1.1010e-01 2.9573e-03 3.9493e-03 7.3068e-02 1.0000e+00
7.3651e-02 1.0973e-01 3.6940e-03 4.3964e-03 7.4230e-02 1.0000e+00
7.4903e-02 8.7657e-02 2.8464e-03 3.7575e-03 7.5479e-02 1.0000e+00
7.6156e-02 7.6097e-02 2.6356e-03 4.0405e-03 7.6844e-02 1.0000e+00
7.7409e-02 6.8773e-02 3.0054e-03 4.0975e-03 7.7992e-02 1.0000e+00
7.8661e-02 5.4537e-02 2.4109e-03 3.8681e-03 7.9258e-02 1.0000e+00
7.9914e-02 4.6511e-02 2.1339e-03 3.8686e-03 8.0551e-02 1.0000e+00
8.1167e-02 3.9758e-02 2.5006e-03 3.9355e-03 8.1799e-02 1.0000e+00
8.2419e-02 3.3160e-02 2.0516e-03 3.9195e-03 8.3035e-02 1.0000e+00
8.3672e-02 2.5202e-02 1.9008e-03 3.7028e-03 8.4315e-02 1.0000e+00
8.4925e-02 2.0398e-02 2.0852e-03 3.9721e-03 8.5565e-02 1.0000e+00
8.6177e-02 1.8115e-02 1.8076e-03 3.8080e-03 8.6746e-02 1.0000e+00
8.7430e-02 1.5337e-02 1.7734e-03 3.6487e-03 8.8082e-02 1.0000e+00
8.8683e-02 1.3092e-02 1.9058e-03 3.8725e-03 8.9291e-02 1.0000e+00
8.9935e-02 1.0170e-02 1.6098e-03 3.6636e-03 9.0556e-02 1.0000e+00
9.1188e-02 6.4406e-03 1.7584e-03 3.7204e-03 9.1853e-02 1.0000e+00
9.2441e-02 9.7827e-03 1.7296e-03 3.8110e-03 9.2990e-02 1.0000e+00
9.3694e-02 7.4961e-03 1.5986e-03 3.5855e-03 9.4305e-02 1.0000e+00
9.4946e-02 7.8722e-03 1.7602e-03 3.8275e-03 9.5489e-02 1.0000e+00
9.6199e-02 7.8516e-03 1.6082e-03 3.4186e-03 9.6761e-02 1.0000e+00
9.7452e-02 9.2114e-03 1.5485e-03 3.6537e-03 9.8123e-02 1.0000e+00
9.8704e-02 7.5969e-03 1.7581e-03 3.5747e-03 9.9303e-02 1.0000e+00
9.9957e-02 8.3425e-03 1.6657e-03 3.4896e-03 1.0062e-01 1.0000e+00
1.0121e-01 9.8087e-03 1.5772e-03 3.7699e-03 1.0183e-01 1.0000e+00
1.0246e-01 1.1267e-02 1.7357e-03 3.3991e-03 1.0304e-01 1.0000e+00
1.0372e-01 1.0837e-02 1.6350e-03 3.5778e-03 1.0434e-01 1.0000e+00
1.0497e-01 1.2511e-02 1.7087e-03 3.4454e-03 1.0559e-01 1.0000e+00
1.0622e-01 1.0722e-02 1.8667e-03 3.4459e-03 1.0686e-01 1.0000e+00
1.0747e-01 1.3062e-02 1.5521e-03 3.4935e-03 1.0812e-01 1.0000e+00
1.0873e-01 1.2933e-02 1.7221e-03 3.4246e-03 1.0938e-01 1.0000e+00
1.0998e-01 1.4319e-02 1.7451e-03 3.4828e-03 1.1059e-01 1.0000e+00
1.1123e-01 1.2367e-02 1.5757e-03 3.3716e-03 1.1185e-01 1.0000e+00
1.1248e-01 1.4205e-02 1.7244e-03 3.5197e-03 1.1310e-01 1.0000e+00
1.1374e-01 1.1485e-02 1.8209e-03 3.3207e-03 1.1427e-01 1.0000e+00
1.1499e-01 1.4987e-02 1.5602e-03 3.2428e-03 1.1564e-01 1.0000e+00
1.1624e-01 1.4904e-02 1.8091e-03 3.5587e-03 1.1686e-01 1.0000e+00
1.1749e-01 1.5454e-02 1.6135e-03 3.1887e-03 1.1807e-01 1.0000e+00
1.1875e-01 1.1098e-02 1.5835e-03 3.2834e-03 1.1944e-01 1.0000e+00
1.2000e-01 1.2475e-02 1.7595e-03 3.4881e-03 1.2058e-01 1.0000e+00
