Q, UU, DelUU, DU, DelDU, DD, DelDD, UD, DelUD, Q_Unc, Q_mean, Shadow
3.5000e-03 4.5818e+01 9.8013e-02 7.3631e-02 1.1640e-02 4.8563e+01 9.9189e-02 6.3296e-02 1.1526e-02 2.5882e-03 4.1925e-03 1.0000e+00
4.7527e-03 1.1272e+01 4.6081e-02 1.5715e-01 7.5258e-03 1.1925e+01 4.6550e-02 1.5668e-01 7.4851e-03 2.3278e-03 5.4526e-03 1.0000e+00
6.0054e-03 4.4129e+00 2.5626e-02 1.6637e-01 5.4863e-03 4.5769e+00 2.5706e-02 1.6850e-01 5.4745e-03 1.9906e-03 6.6801e-03 1.0000e+00
7.2581e-03 2.0798e+00 1.7530e-02 1.6040e-01 5.2430e-03 2.1810e+00 1.7629e-02 1.4433e-01 5.1587e-03 1.8646e-03 7.9265e-03 1.0000e+00
8.5108e-03 1.1041e+00 1.1661e-02 1.3818e-01 4.3942e-03 1.2575e+00 1.2037e-02 1.8744e-01 4.5762e-03 1.7104e-03 9.1639e-03 1.0000e+00
9.7634e-03 6.7385e-01 9.4694e-03 1.4596e-01 4.0941e-03 7.2907e-01 9.5875e-03 1.8058e-01 4.2155e-03 1.6170e-03 1.0409e-02 1.0000e+00
1.1016e-02 4.7061e-01 7.3482e-03 1.4781e-01 3.8922e-03 5.0063e-01 7.4092e-03 1.6517e-01 3.9408e-03 1.4994e-03 1.1670e-02 1.0000e+00
1.2269e-02 3.2964e-01 6.2808e-03 1.4427e-01 3.6509e-03 3.4222e-01 6.2916e-03 1.4699e-01 3.6487e-03 1.4517e-03 1.2927e-02 1.0000e+00
1.3522e-02 2.3178e-01 5.3600e-03 1.3101e-01 3.5050e-03 2.7526e-01 5.5180e-03 1.4296e-01 3.5339e-03 1.3684e-03 1.4178e-02 1.0000e+00
1.4774e-02 2.3016e-01 4.9564e-03 1.3345e-01 2.9883e-03 2.3798e-01 4.9606e-03 1.6323e-01 3.0847e-03 1.3351e-03 1.5422e-02 1.0000e+00
1.6027e-02 1.5496e-01 4.3129e-03 9.3151e-02 3.3284e-03 1.6859e-01 4.3555e-03 1.2323e-01 3.4127e-03 1.2723e-03 1.6657e-02 1.0000e+00
1.7280e-02 1.3488e-01 3.9642e-03 9.8221e-02 3.0653e-03 1.3472e-01 3.9448e-03 1.0891e-01 3.0898e-03 1.2250e-03 1.7905e-02 1.0000e+00
1.8532e-02 8.8190e-02 3.7677e-03 1.1285e-01 2.9131e-03 1.0333e-01 3.8233e-03 1.2781e-01 2.9502e-03 1.1782e-03 1.9162e-02 1.0000e+00
1.9785e-02 8.7376e-02 3.5395e-03 1.0540e-01 2.7547e-03 9.8696e-02 3.5778e-03 1.1821e-01 2.7856e-03 1.1465e-03 2.0420e-02 1.0000e+00
2.1038e-02 7.1682e-02 3.2534e-03 8.6839e-02 2.6958e-03 8.0396e-02 3.2833e-03 1.1242e-01 2.7633e-03 1.1098e-03 2.1677e-02 1.0000e+00
2.2290e-02 5.0403e-02 3.2690e-03 7.9535e-02 2.4984e-03 4.9305e-02 3.2537e-03 9.4842e-02 2.5378e-03 1.0816e-03 2.2936e-02 1.0000e+00
2.3543e-02 5.9472e-02 3.0424e-03 9.5802e-02 2.3476e-03 4.4012e-02 2.9632e-03 1.0118e-01 2.3587e-03 1.0538e-03 2.4189e-02 1.0000e+00
2.4796e-02 5.4852e-02 3.1305e-03 5.4387e-02 2.8374e-03 5.0026e-02 3.1021e-03 7.3984e-02 2.8793e-03 1.0252e-03 2.5446e-02 1.0000e+00
2.6048e-02 4.0243e-02 3.5565e-03 6.2307e-02 3.1211e-03 3.6935e-02 3.5271e-03 8.9992e-02 3.2071e-03 1.0788e-03 2.6667e-02 1.0000e+00
2.7301e-02 6.5394e-02 6.4558e-03 7.6819e-02 4.5517e-03 5.1770e-02 6.2426e-03 7.5024e-02 4.5323e-03 1.2275e-03 2.7912e-02 1.0000e+00
2.8554e-02 2.7821e-02 5.3785e-03 6.0263e-02 3.8323e-03 3.5589e-02 5.3899e-03 6.7283e-02 3.8397e-03 1.3374e-03 2.9142e-02 1.0000e+00
2.9806e-02 3.3131e-02 1.8131e-03 4.7877e-02 1.3015e-03 2.9006e-02 1.7830e-03 4.5770e-02 1.2891e-03 1.4575e-03 3.0430e-02 1.0000e+00
3.1059e-02 2.8544e-02 1.8788e-03 4.9660e-02 1.2370e-03 3.0794e-02 1.8846e-03 4.5189e-02 1.2061e-03 1.4573e-03 3.1684e-02 1.0000e+00
3.2312e-02 3.5824e-02 1.5866e-03 4.7470e-02 1.1928e-03 3.9564e-02 1.6012e-03 4.7412e-02 1.1877e-03 1.5272e-03 3.2935e-02 1.0000e+00
3.3565e-02 2.7881e-02 1.7965e-03 4.3502e-02 1.2050e-03 1.8922e-02 1.7193e-03 3.5997e-02 1.1575e-03 1.5371e-03 3.4188e-02 1.0000e+00
3.4817e-02 3.3633e-02 1.5634e-03 4.1874e-02 1.0458e-03 3.1154e-02 1.5429e-03 3.6854e-02 1.0219e-03 1.5851e-03 3.5428e-02 1.0000e+00
3.6070e-02 3.0423e-02 1.4717e-03 3.2693e-02 1.0109e-03 3.4805e-02 1.4881e-03 3.6082e-02 1.0205e-03 1.6051e-03 3.6679e-02 1.0000e+00
3.7323e-02 3.7613e-02 1.6385e-03 2.8941e-02 9.5453e-04 3.4297e-02 1.6055e-03 3.2992e-02 9.7400e-04 1.9127e-03 3.7893e-02 1.0000e+00
3.8575e-02 2.5672e-02 1.3928e-03 3.1665e-02 9.7242e-04 2.8657e-02 1.4010e-03 3.2463e-02 9.7248e-04 2.3093e-03 3.9207e-02 1.0000e+00
3.9828e-02 3.0547e-02 1.5307e-03 1.9696e-02 1.0505e-03 3.6843e-02 1.5703e-03 2.1378e-02 1.0563e-03 2.6237e-03 4.0410e-02 1.0000e+00
4.1081e-02 3.0371e-02 1.4313e-03 2.2146e-02 9.9586e-04 2.9039e-02 1.4184e-03 2.0634e-02 9.8841e-04 3.0615e-03 4.1704e-02 1.0000e+00
4.2333e-02 2.3052e-02 1.4627e-03 2.3687e-02 9.9127e-04 2.2629e-02 1.4539e-03 2.2789e-02 9.8506e-04 3.6858e-03 4.2984e-02 1.0000e+00
4.3586e-02 3.7646e-02 1.3904e-03 2.2286e-02 9.0863e-04 3.0989e-02 1.3419e-03 2.2921e-02 9.0923e-04 4.2071e-03 4.4112e-02 1.0000e+00
4.4839e-02 3.3878e-02 1.2972e-03 1.6338e-02 9.1019e-04 3.3815e-02 1.2911e-03 2.0357e-02 9.2134e-04 4.6284e-03 4.5510e-02 1.0000e+00
4.6091e-02 3.6868e-02 1.5411e-03 1.8455e-02 8.5127e-04 2.6158e-02 1.4509e-03 2.3426e-02 8.8076e-04 5.3431e-03 4.6674e-02 1.0000e+00
4.7344e-02 3.2138e-02 1.2569e-03 1.0979e-02 8.8611e-04 2.7125e-02 1.2310e-03 1.3793e-02 8.9326e-04 4.5370e-03 4.7894e-02 1.0000e+00
4.8597e-02 2.5866e-02 1.3062e-03 1.1252e-02 8.8407e-04 3.7293e-02 1.3747e-03 1.4693e-02 8.9876e-04 4.6468e-03 4.9286e-02 1.0000e+00
4.9849e-02 3.2924e-02 1.3065e-03 1.2324e-02 8.3217e-04 3.3951e-02 1.3051e-03 1.5215e-02 8.4181e-04 4.8592e-03 5.0443e-02 1.0000e+00
5.1102e-02 2.9665e-02 1.2054e-03 1.4687e-02 7.1634e-04 3.8923e-02 1.2418e-03 1.4345e-02 7.1342e-04 4.5383e-03 5.1748e-02 1.0000e+00
5.2355e-02 4.2461e-02 1.3814e-03 9.0639e-03 7.7627e-04 4.6327e-02 1.3981e-03 1.3065e-02 7.9851e-04 4.8281e-03 5.2963e-02 1.0000e+00
5.3608e-02 3.3124e-02 1.2641e-03 7.1069e-03 8.4031e-04 3.6349e-02 1.2713e-03 1.0606e-02 8.4967e-04 4.4619e-03 5.4166e-02 1.0000e+00
5.4860e-02 5.0167e-02 1.3112e-03 8.5185e-03 6.8161e-04 4.0285e-02 1.2482e-03 1.2126e-02 6.9932e-04 4.5663e-03 5.5473e-02 1.0000e+00
5.6113e-02 4.0743e-02 1.2440e-03 8.6855e-03 7.0397e-04 4.8873e-02 1.2708e-03 1.2156e-02 7.1547e-04 4.4135e-03 5.6743e-02 1.0000e+00
5.7366e-02 6.4643e-02 1.3043e-03 5.6546e-03 7.7056e-04 5.4513e-02 1.2498e-03 6.3995e-03 7.7299e-04 4.4385e-03 5.8016e-02 1.0000e+00
5.8618e-02 6.3683e-02 1.3031e-03 9.2829e-03 6.8526e-04 5.9549e-02 1.2746e-03 1.1062e-02 6.9227e-04 4.4390e-03 5.9274e-02 1.0000e+00
5.9871e-02 8.0595e-02 1.1926e-03 6.0584e-03 6.9936e-04 8.2863e-02 1.1931e-03 7.8581e-03 7.0457e-04 4.4894e-03 6.0524e-02 1.0000e+00
6.1124e-02 7.6757e-02 1.5471e-03 5.1614e-03 7.2378e-04 8.3802e-02 1.5705e-03 4.3036e-03 7.1796e-04 4.3914e-03 6.1686e-02 1.0000e+00
6.2376e-02 1.0519e-01 1.3314e-03 4.7163e-03 7.1992e-04 1.1035e-01 1.3393e-03 8.9121e-03 7.3256e-04 4.2338e-03 6.2984e-02 1.0000e+00
6.3629e-02 1.1546e-01 1.4690e-03 6.4327e-03 6.7866e-04 1.1372e-01 1.4504e-03 7.1750e-03 6.8120e-04 4.4656e-03 6.4229e-02 1.0000e+00
6.4882e-02 1.2886e-01 1.5260e-03 -4.6554e-05 7.1952e-04 1.2728e-01 1.5085e-03 1.8772e-03 7.2606e-04 4.0925e-03 6.5444e-02 1.0000e+00
6.6134e-02 1.3905e-01 1.4518e-03 1.9023e-03 7.0843e-04 1.4712e-01 1.4638e-03 5.9108e-03 7.1950e-04 4.0930e-03 6.6842e-02 1.0000e+00
6.7387e-02 1.5090e-01 1.6834e-03 1.2579e-03 6.5057e-04 1.5249e-01 1.6739e-03 3.8241e-03 6.6317e-04 4.5183e-03 6.8012e-02 1.0000e+00
6.8640e-02 1.6063e-01 1.4172e-03 3.1995e-03 6.3132e-04 1.5396e-01 1.3861e-03 4.9352e-03 6.3683e-04 3.9305e-03 6.9257e-02 1.0000e+00
6.9892e-02 1.3810e-01 1.5542e-03 4.5177e-04 6.6022e-04 1.2763e-01 1.5026e-03 3.3316e-03 6.7236e-04 4.3025e-03 7.0586e-02 1.0000e+00
7.1145e-02 1.3610e-01 1.5036e-03 7.7017e-03 6.2429e-04 1.3958e-01 1.5026e-03 5.6203e-03 6.1612e-04 4.1744e-03 7.1689e-02 1.0000e+00
7.2398e-02 1.2486e-01 1.3609e-03 6.2359e-03 5.7718e-04 1.2963e-01 1.3649e-03 7.5862e-03 5.8154e-04 3.9150e-03 7.3028e-02 1.0000e+00
7.3651e-02 1.1218e-01 1.4593e-03 -6.8172e-04 6.2610e-04 1.1422e-01 1.4549e-03 3.3922e-03 6.4432e-04 4.1756e-03 7.4287e-02 1.0000e+00
7.4903e-02 9.8875e-02 1.1835e-03 2.0600e-03 6.3198e-04 9.9265e-02 1.1765e-03 1.1892e-03 6.2945e-04 3.9159e-03 7.5517e-02 1.0000e+00
7.6156e-02 8.6964e-02 1.3224e-03 5.2202e-03 5.8371e-04 8.2130e-02 1.2924e-03 5.4815e-03 5.8475e-04 4.0039e-03 7.6838e-02 1.0000e+00
7.7409e-02 7.1634e-02 1.1330e-03 4.1092e-03 5.8672e-04 7.4611e-02 1.1360e-03 4.8654e-03 5.8891e-04 4.0975e-03 7.8019e-02 1.0000e+00
7.8661e-02 5.6529e-02 1.0735e-03 3.2647e-03 5.6948e-04 5.8853e-02 1.0754e-03 4.6423e-03 5.7395e-04 3.9519e-03 7.9233e-02 1.0000e+00
7.9914e-02 4.5261e-02 1.1516e-03 2.7244e-03 5.7520e-04 4.0087e-02 1.1219e-03 2.4614e-03 5.7406e-04 3.7897e-03 8.0527e-02 1.0000e+00
8.1167e-02 4.1253e-02 1.0477e-03 6.9991e-04 5.8771e-04 4.5002e-02 1.0551e-03 3.9097e-03 5.9723e-04 4.0239e-03 8.1788e-02 1.0000e+00
8.2419e-02 3.9679e-02 1.0097e-03 3.4105e-03 5.7553e-04 3.9453e-02 1.0026e-03 1.9479e-03 5.6930e-04 3.8377e-03 8.3008e-02 1.0000e+00
8.3672e-02 3.3771e-02 9.6716e-04 4.9546e-04 5.7485e-04 2.9505e-02 9.4690e-04 2.6736e-03 5.8146e-04 3.7028e-03 8.4317e-02 1.0000e+00
8.4925e-02 3.0020e-02 9.1421e-04 1.5380e-04 6.0076e-04 2.5473e-02 8.8909e-04 2.5827e-03 6.0877e-04 4.0819e-03 8.5549e-02 1.0000e+00
8.6177e-02 2.4571e-02 8.9765e-04 -3.4127e-05 5.5719e-04 2.4577e-02 8.9311e-04 3.5087e-03 5.7014e-04 3.7184e-03 8.6725e-02 1.0000e+00
8.7430e-02 2.3467e-02 8.1930e-04 -6.4840e-04 5.8509e-04 2.5564e-02 8.2388e-04 3.4938e-03 5.9602e-04 3.6086e-03 8.8103e-02 1.0000e+00
8.8683e-02 1.6152e-02 8.4419e-04 5.8443e-04 5.3706e-04 1.5989e-02 8.3927e-04 3.2645e-03 5.4786e-04 3.9565e-03 8.9312e-02 1.0000e+00
8.9935e-02 1.4225e-02 8.4144e-04 4.2122e-04 5.7645e-04 1.5701e-02 8.4404e-04 3.7617e-03 5.8561e-04 3.5838e-03 9.0570e-02 1.0000e+00
9.1188e-02 7.3961e-03 8.6965e-04 3.7935e-03 5.2790e-04 4.4663e-03 8.5316e-04 5.0197e-03 5.3232e-04 3.7498e-03 9.1894e-02 1.0000e+00
9.2441e-02 6.9124e-03 8.3813e-04 -2.6537e-03 5.7168e-04 1.2057e-02 8.5875e-04 2.0837e-03 5.8739e-04 3.8421e-03 9.3014e-02 1.0000e+00
9.3694e-02 1.1560e-02 8.0031e-04 1.9427e-03 5.4031e-04 1.3712e-02 8.0582e-04 3.5897e-03 5.4475e-04 3.5727e-03 9.4313e-02 1.0000e+00
9.4946e-02 6.2174e-03 8.6068e-04 3.7788e-03 5.1822e-04 5.3060e-03 8.5260e-04 3.0168e-03 5.1480e-04 3.7223e-03 9.5554e-02 1.0000e+00
9.6199e-02 8.0721e-03 7.9612e-04 2.6362e-03 5.4145e-04 1.1889e-02 8.0771e-04 4.0954e-03 5.4514e-04 3.5738e-03 9.6767e-02 1.0000e+00
9.7452e-02 1.3534e-02 8.0390e-04 -1.8249e-04 5.5969e-04 1.3989e-02 8.0269e-04 2.7053e-03 5.6891e-04 3.6003e-03 9.8095e-02 1.0000e+00
9.8704e-02 1.0571e-02 8.1640e-04 1.1754e-03 5.3663e-04 6.9455e-03 7.9894e-04 4.1987e-03 5.4566e-04 3.6676e-03 9.9282e-02 1.0000e+00
9.9957e-02 1.1621e-02 7.9171e-04 -1.8324e-04 5.2479e-04 7.1973e-03 7.7213e-04 2.3944e-03 5.3200e-04 3.4205e-03 1.0058e-01 1.0000e+00
1.0121e-01 8.9619e-03 8.2102e-04 2.3914e-03 4.9612e-04 6.2772e-03 8.0460e-04 3.6736e-03 5.0102e-04 3.6286e-03 1.0187e-01 1.0000e+00
1.0246e-01 1.6334e-02 8.0165e-04 -2.4550e-04 5.4683e-04 1.1903e-02 7.8285e-04 1.8664e-03 5.5229e-04 3.5766e-03 1.0306e-01 1.0000e+00
1.0372e-01 1.7443e-02 8.1108e-04 2.3918e-03 5.4313e-04 1.6649e-02 8.0383e-04 2.6783e-03 5.4385e-04 3.5526e-03 1.0429e-01 1.0000e+00
1.0497e-01 1.6360e-02 8.1167e-04 -2.3574e-03 5.6376e-04 1.4180e-02 8.0027e-04 1.2612e-03 5.7333e-04 3.4228e-03 1.0556e-01 1.0000e+00
1.0622e-01 1.7084e-02 7.5634e-04 1.4896e-03 5.0707e-04 1.3670e-02 7.3976e-04 2.9983e-03 5.1136e-04 3.4805e-03 1.0683e-01 1.0000e+00
1.0747e-01 1.2836e-02 7.8424e-04 1.3543e-03 5.0463e-04 1.1209e-02 7.7386e-04 2.9865e-03 5.0977e-04 3.4132e-03 1.0810e-01 1.0000e+00
1.0873e-01 1.8062e-02 7.5247e-04 8.7241e-04 5.3360e-04 1.8565e-02 7.5139e-04 1.4545e-03 5.3485e-04 3.3808e-03 1.0942e-01 1.0000e+00
1.0998e-01 1.4276e-02 7.8976e-04 8.5759e-04 5.0120e-04 1.4964e-02 7.8919e-04 4.7175e-03 5.1357e-04 3.5681e-03 1.1062e-01 1.0000e+00
1.1123e-01 1.7093e-02 7.7911e-04 3.5129e-03 5.1445e-04 1.3436e-02 7.6265e-04 2.2748e-03 5.1090e-04 3.3610e-03 1.1184e-01 1.0000e+00
1.1248e-01 1.3815e-02 7.4699e-04 -8.7486e-06 5.1628e-04 1.5945e-02 7.5256e-04 1.9508e-03 5.2177e-04 3.5079e-03 1.1311e-01 1.0000e+00
1.1374e-01 1.3616e-02 7.6844e-04 -4.6603e-04 5.0589e-04 1.3354e-02 7.6415e-04 1.7841e-03 5.1253e-04 3.3620e-03 1.1426e-01 1.0000e+00
1.1499e-01 1.5796e-02 7.4282e-04 -1.0313e-03 5.1670e-04 1.5790e-02 7.4005e-04 1.4166e-03 5.2237e-04 3.2428e-03 1.1561e-01 1.0000e+00
1.1624e-01 1.4491e-02 7.8267e-04 5.7680e-04 4.8264e-04 1.2890e-02 7.7228e-04 2.9603e-03 4.9067e-04 3.4513e-03 1.1688e-01 1.0000e+00
1.1749e-01 1.1658e-02 7.5141e-04 6.7481e-04 4.8845e-04 1.2632e-02 7.5210e-04 5.7878e-03 5.0200e-04 3.2826e-03 1.1807e-01 1.0000e+00
1.1875e-01 1.3398e-02 7.1931e-04 -9.7988e-04 5.0174e-04 1.4279e-02 7.1973e-04 1.1604e-03 5.0704e-04 3.2736e-03 1.1941e-01 1.0000e+00
1.2000e-01 1.1388e-02 6.8671e-04 -1.8359e-04 4.8990e-04 1.6832e-02 7.0752e-04 3.9547e-03 5.0214e-04 3.4762e-03 1.2058e-01 1.0000e+00
