Q, I, DelI, Q_Unc, Q_mean, Shadow
3.5000e-03 4.2670e+01 2.0187e-01 2.5882e-03 4.1925e-03 1.0000e+00
4.7527e-03 1.0494e+01 9.5335e-02 2.3278e-03 5.4526e-03 1.0000e+00
6.0054e-03 4.1780e+00 5.3814e-02 1.9906e-03 6.6801e-03 1.0000e+00
7.2581e-03 2.1289e+00 3.6425e-02 1.8646e-03 7.9265e-03 1.0000e+00
8.5108e-03 1.2292e+00 2.5171e-02 1.7104e-03 9.1639e-03 1.0000e+00
9.7634e-03 7.7981e-01 1.9533e-02 1.6170e-03 1.0409e-02 1.0000e+00
1.1016e-02 5.7026e-01 1.4534e-02 1.4994e-03 1.1670e-02 1.0000e+00
1.2269e-02 4.0812e-01 1.2928e-02 1.4517e-03 1.2927e-02 1.0000e+00
1.3522e-02 3.3626e-01 1.1001e-02 1.3684e-03 1.4178e-02 1.0000e+00
1.4774e-02 2.6391e-01 9.7975e-03 1.3351e-03 1.5422e-02 1.0000e+00
1.6027e-02 2.3018e-01 8.3738e-03 1.2723e-03 1.6657e-02 1.0000e+00
1.7280e-02 2.0115e-01 7.6223e-03 1.2250e-03 1.7905e-02 1.0000e+00
1.8532e-02 1.6902e-01 7.2134e-03 1.1782e-03 1.9162e-02 1.0000e+00
1.9785e-02 1.6327e-01 6.5922e-03 1.1465e-03 2.0420e-02 1.0000e+00
2.1038e-02 1.4351e-01 5.9958e-03 1.1098e-03 2.1677e-02 1.0000e+00
2.2290e-02 1.2540e-01 5.5664e-03 1.0816e-03 2.2936e-02 1.0000e+00
2.3543e-02 1.1111e-01 4.9667e-03 1.0538e-03 2.4189e-02 1.0000e+00
2.4796e-02 1.0733e-01 5.2185e-03 1.0252e-03 2.5446e-02 1.0000e+00
2.6048e-02 1.0345e-01 6.0532e-03 1.0788e-03 2.6667e-02 1.0000e+00
2.7301e-02 9.7175e-02 1.0377e-02 1.2275e-03 2.7912e-02 1.0000e+00
2.8554e-02 7.5023e-02 1.0418e-02 1.3374e-03 2.9142e-02 1.0000e+00
2.9806e-02 8.5055e-02 3.6222e-03 1.4575e-03 3.0430e-02 1.0000e+00
3.1059e-02 6.0480e-02 4.0564e-03 1.4573e-03 3.1684e-02 1.0000e+00
3.2312e-02 7.2892e-02 3.4909e-03 1.5272e-03 3.2935e-02 1.0000e+00
3.3565e-02 5.9258e-02 3.7649e-03 1.5371e-03 3.4188e-02 1.0000e+00
3.4817e-02 6.1504e-02 3.2762e-03 1.5851e-03 3.5428e-02 1.0000e+00
3.6070e-02 5.2628e-02 3.2252e-03 1.6051e-03 3.6679e-02 1.0000e+00
3.7323e-02 5.4757e-02 3.2283e-03 1.9127e-03 3.7893e-02 1.0000e+00
3.8575e-02 5.3158e-02 2.8684e-03 2.3093e-03 3.9207e-02 1.0000e+00
3.9828e-02 4.8647e-02 3.2527e-03 2.6237e-03 4.0410e-02 1.0000e+00
4.1081e-02 4.7693e-02 2.8766e-03 3.0615e-03 4.1704e-02 1.0000e+00
4.2333e-02 4.5576e-02 2.9970e-03 3.6858e-03 4.2984e-02 1.0000e+00
4.3586e-02 4.4980e-02 2.7771e-03 4.2071e-03 4.4112e-02 1.0000e+00
4.4839e-02 4.1199e-02 2.5515e-03 4.6284e-03 4.5510e-02 1.0000e+00
4.6091e-02 4.1716e-02 2.7954e-03 5.3431e-03 4.6674e-02 1.0000e+00
4.7344e-02 3.9113e-02 2.4836e-03 4.5370e-03 4.7894e-02 1.0000e+00
4.8597e-02 4.2368e-02 2.7308e-03 4.6468e-03 4.9286e-02 1.0000e+00
4.9849e-02 4.2054e-02 2.4199e-03 4.8592e-03 5.0443e-02 1.0000e+00
5.1102e-02 4.1259e-02 2.3839e-03 4.5383e-03 5.1748e-02 1.0000e+00
5.2355e-02 3.5838e-02 2.6237e-03 4.8281e-03 5.2963e-02 1.0000e+00
5.3608e-02 4.6094e-02 2.2615e-03 4.4619e-03 5.4166e-02 1.0000e+00
5.4860e-02 4.6499e-02 2.3277e-03 4.5663e-03 5.5473e-02 1.0000e+00
5.6113e-02 4.5404e-02 2.2825e-03 4.4135e-03 5.6743e-02 1.0000e+00
5.7366e-02 4.8513e-02 2.4447e-03 4.4385e-03 5.8016e-02 1.0000e+00
5.8618e-02 5.7102e-02 2.4562e-03 4.4390e-03 5.9274e-02 1.0000e+00
5.9871e-02 6.5274e-02 2.4123e-03 4.4894e-03 6.0524e-02 1.0000e+00
6.1124e-02 7.0333e-02 2.7174e-03 4.3914e-03 6.1686e-02 1.0000e+00
6.2376e-02 8.6047e-02 2.5239e-03 4.2338e-03 6.2984e-02 1.0000e+00
6.3629e-02 9.9523e-02 2.7217e-03 4.4656e-03 6.4229e-02 1.0000e+00
6.4882e-02 1.1237e-01 2.7510e-03 4.0925e-03 6.5444e-02 1.0000e+00
6.6134e-02 1.2529e-01 2.5336e-03 4.0930e-03 6.6842e-02 1.0000e+00
6.7387e-02 1.2585e-01 3.0983e-03 4.5183e-03 6.8012e-02 1.0000e+00
6.8640e-02 1.3356e-01 2.5920e-03 3.9305e-03 6.9257e-02 1.0000e+00
6.9892e-02 1.2453e-01 2.8827e-03 4.3025e-03 7.0586e-02 1.0000e+00
7.1145e-02 1.2132e-01 2.6966e-03 4.1744e-03 7.1689e-02 1.0000e+00
7.2398e-02 1.0677e-01 2.4433e-03 3.9150e-03 7.3028e-02 1.0000e+00
7.3651e-02 9.7873e-02 2.6277e-03 4.1756e-03 7.4287e-02 1.0000e+00
7.4903e-02 8.2979e-02 2.1756e-03 3.9159e-03 7.5517e-02 1.0000e+00
7.6156e-02 7.8828e-02 2.3409e-03 4.0039e-03 7.6838e-02 1.0000e+00
7.7409e-02 6.4896e-02 2.1316e-03 4.0975e-03 7.8019e-02 1.0000e+00
7.8661e-02 5.3299e-02 1.9492e-03 3.9519e-03 7.9233e-02 1.0000e+00
7.9914e-02 4.7901e-02 1.9862e-03 3.7897e-03 8.0527e-02 1.0000e+00
8.1167e-02 3.3877e-02 1.8781e-03 4.0239e-03 8.1788e-02 1.0000e+00
8.2419e-02 3.5917e-02 1.8049e-03 3.8377e-03 8.3008e-02 1.0000e+00
8.3672e-02 2.7811e-02 1.7329e-03 3.7028e-03 8.4317e-02 1.0000e+00
8.4925e-02 2.2700e-02 1.5702e-03 4.0819e-03 8.5549e-02 1.0000e+00
8.6177e-02 1.7118e-02 1.5665e-03 3.7184e-03 8.6725e-02 1.0000e+00
8.7430e-02 1.6871e-02 1.5041e-03 3.6086e-03 8.8103e-02 1.0000e+00
8.8683e-02 1.0461e-02 1.5527e-03 3.9565e-03 8.9312e-02 1.0000e+00
8.9935e-02 9.6454e-03 1.5225e-03 3.5838e-03 9.0570e-02 1.0000e+00
9.1188e-02 1.0550e-02 1.5411e-03 3.7498e-03 9.1894e-02 1.0000e+00
9.2441e-02 1.0677e-02 1.4404e-03 3.8421e-03 9.3014e-02 1.0000e+00
9.3694e-02 1.0394e-02 1.4734e-03 3.5727e-03 9.4313e-02 1.0000e+00
9.4946e-02 9.1239e-03 1.3586e-03 3.7223e-03 9.5554e-02 1.0000e+00
9.6199e-02 9.4817e-03 1.4661e-03 3.5738e-03 9.6767e-02 1.0000e+00
9.7452e-02 8.1859e-03 1.4970e-03 3.6003e-03 9.8095e-02 1.0000e+00
9.8704e-02 8.5405e-03 1.4682e-03 3.6676e-03 9.9282e-02 1.0000e+00
9.9957e-02 1.0966e-02 1.3323e-03 3.4205e-03 1.0058e-01 1.0000e+00
1.0121e-01 9.0393e-03 1.3767e-03 3.6286e-03 1.0187e-01 1.0000e+00
1.0246e-01 1.0532e-02 1.4809e-03 3.5766e-03 1.0306e-01 1.0000e+00
1.0372e-01 1.2548e-02 1.3703e-03 3.5526e-03 1.0429e-01 1.0000e+00
1.0497e-01 1.2916e-02 1.3847e-03 3.4228e-03 1.0556e-01 1.0000e+00
1.0622e-01 1.2648e-02 1.3852e-03 3.4805e-03 1.0683e-01 1.0000e+00
1.0747e-01 1.1139e-02 1.3902e-03 3.4132e-03 1.0810e-01 1.0000e+00
1.0873e-01 1.3929e-02 1.3535e-03 3.3808e-03 1.0942e-01 1.0000e+00
1.0998e-01 1.4727e-02 1.3709e-03 3.5681e-03 1.1062e-01 1.0000e+00
1.1123e-01 1.1280e-02 1.4129e-03 3.3610e-03 1.1184e-01 1.0000e+00
1.1248e-01 1.2494e-02 1.3804e-03 3.5079e-03 1.1311e-01 1.0000e+00
1.1374e-01 1.2361e-02 1.3871e-03 3.3620e-03 1.1426e-01 1.0000e+00
1.1499e-01 1.3360e-02 1.2956e-03 3.2428e-03 1.1561e-01 1.0000e+00
1.1624e-01 1.0661e-02 1.4191e-03 3.4513e-03 1.1688e-01 1.0000e+00
1.1749e-01 1.2183e-02 1.3056e-03 3.2826e-03 1.1807e-01 1.0000e+00
1.1875e-01 1.5368e-02 1.2672e-03 3.2736e-03 1.1941e-01 1.0000e+00
1.2000e-01 1.1372e-02 1.3038e-03 3.4762e-03 1.2058e-01 1.0000e+00
