Q, I, DelI, Q_Unc, Q_mean, Shadow
3.5000e-03 2.4593e+09 3.9044e+08 2.1734e-03 4.1973e-03 1.0000e+00
4.7527e-03 1.7497e+09 2.7761e+08 1.8219e-03 5.4271e-03 1.0000e+00
6.0054e-03 9.5841e+08 1.8787e+08 1.6400e-03 6.6667e-03 1.0000e+00
7.2581e-03 1.2517e+09 1.9291e+08 1.4855e-03 7.9207e-03 1.0000e+00
8.5108e-03 1.4786e+09 1.9839e+08 1.4115e-03 9.1631e-03 1.0000e+00
9.7634e-03 1.2404e+09 1.6930e+08 1.3094e-03 1.0396e-02 1.0000e+00
1.1016e-02 6.5482e+08 1.1775e+08 1.2243e-03 1.1657e-02 1.0000e+00
1.2269e-02 2.6200e+08 7.6430e+07 1.1731e-03 1.2921e-02 1.0000e+00
1.3522e-02 2.5180e+08 7.2218e+07 1.1259e-03 1.4167e-02 1.0000e+00
1.4774e-02 1.6591e+08 5.9296e+07 1.0788e-03 1.5410e-02 1.0000e+00
1.6027e-02 2.1311e+08 6.2059e+07 1.0313e-03 1.6660e-02 1.0000e+00
1.7280e-02 1.9541e+08 5.8201e+07 9.9887e-04 1.7915e-02 1.0000e+00
1.8532e-02 3.0728e+08 6.9105e+07 9.6323e-04 1.9166e-02 1.0000e+00
1.9785e-02 2.3964e+08 6.0962e+07 9.3338e-04 2.0422e-02 1.0000e+00
2.1038e-02 1.4796e+08 4.7854e+07 9.0618e-04 2.1678e-02 1.0000e+00
2.2290e-02 6.8067e+07 3.7251e+07 8.8497e-04 2.2928e-02 1.0000e+00
2.3543e-02 9.7456e+07 3.9794e+07 8.5913e-04 2.4177e-02 1.0000e+00
2.4796e-02 6.2421e+07 3.5737e+07 8.6713e-04 2.5417e-02 1.0000e+00
2.6048e-02 7.2848e+07 3.6638e+07 8.7594e-04 2.6682e-02 1.0000e+00
2.7301e-02 2.0099e+08 5.3247e+07 9.2589e-04 2.7914e-02 1.0000e+00
2.8554e-02 8.0727e+07 4.0062e+07 9.5342e-04 2.9173e-02 1.0000e+00
2.9806e-02 1.3741e+08 4.7850e+07 1.0046e-03 3.0423e-02 1.0000e+00
3.1059e-02 1.1531e+08 4.4806e+07 1.0242e-03 3.1683e-02 1.0000e+00
3.2312e-02 1.2278e+08 4.6362e+07 1.0448e-03 3.2937e-02 1.0000e+00
3.3565e-02 1.0618e+08 4.3446e+07 1.0611e-03 3.4181e-02 1.0000e+00
3.4817e-02 9.9584e+07 4.3569e+07 1.0955e-03 3.5420e-02 1.0000e+00
3.6070e-02 1.3677e+08 5.0536e+07 1.2131e-03 3.6659e-02 1.0000e+00
3.7323e-02 1.3689e+08 5.2582e+07 1.5020e-03 3.7910e-02 1.0000e+00
3.8575e-02 2.8149e+07 2.3815e+07 1.7667e-03 3.9204e-02 1.0000e+00
3.9828e-02 5.1482e+07 3.5931e+07 2.0915e-03 4.0417e-02 1.0000e+00
4.1081e-02 1.3621e+08 4.8957e+07 2.4970e-03 4.1671e-02 1.0000e+00
4.2333e-02 1.4235e+08 5.0197e+07 2.9757e-03 4.2955e-02 1.0000e+00
4.3586e-02 1.5058e+08 4.8367e+07 3.5542e-03 4.4156e-02 1.0000e+00
4.4839e-02 1.6905e+08 3.1336e+07 3.6422e-03 4.5455e-02 1.0000e+00
4.6091e-02 1.2163e+08 2.6983e+07 3.7631e-03 4.6786e-02 1.0000e+00
4.7344e-02 1.3836e+08 3.0195e+07 3.8094e-03 4.7960e-02 1.0000e+00
4.8597e-02 1.6470e+08 3.0687e+07 3.6083e-03 4.9264e-02 1.0000e+00
4.9849e-02 1.6682e+08 3.4845e+07 4.0683e-03 5.0436e-02 1.0000e+00
5.1102e-02 2.0268e+08 3.3175e+07 3.4832e-03 5.1599e-02 1.0000e+00
5.2355e-02 8.2283e+07 2.0889e+07 3.4368e-03 5.3026e-02 1.0000e+00
5.3608e-02 1.7562e+08 3.3113e+07 3.8427e-03 5.4244e-02 1.0000e+00
5.4860e-02 1.9327e+08 3.1478e+07 3.4148e-03 5.5458e-02 1.0000e+00
5.6113e-02 1.6597e+08 2.9539e+07 3.5458e-03 5.6802e-02 1.0000e+00
5.7366e-02 2.0072e+08 3.3083e+07 3.6650e-03 5.7941e-02 1.0000e+00
5.8618e-02 1.1685e+08 2.3346e+07 3.3718e-03 5.9215e-02 1.0000e+00
5.9871e-02 1.1829e+08 2.4659e+07 3.4504e-03 6.0527e-02 1.0000e+00
6.1124e-02 1.4008e+08 2.4465e+07 3.4507e-03 6.1725e-02 1.0000e+00
6.2376e-02 1.1945e+08 2.4462e+07 3.3410e-03 6.3033e-02 1.0000e+00
6.3629e-02 1.6544e+08 2.8798e+07 3.4868e-03 6.4282e-02 1.0000e+00
6.4882e-02 1.7691e+08 2.7192e+07 3.3311e-03 6.5464e-02 1.0000e+00
6.6134e-02 1.4975e+08 2.5658e+07 3.3110e-03 6.6765e-02 1.0000e+00
6.7387e-02 1.7626e+08 2.9331e+07 3.4879e-03 6.7967e-02 1.0000e+00
6.8640e-02 1.2745e+08 2.3139e+07 3.1419e-03 6.9194e-02 1.0000e+00
6.9892e-02 1.1449e+08 2.1752e+07 3.1778e-03 7.0569e-02 1.0000e+00
7.1145e-02 1.1969e+08 2.3440e+07 3.5257e-03 7.1759e-02 1.0000e+00
7.2398e-02 1.3533e+08 2.1922e+07 3.0837e-03 7.2958e-02 1.0000e+00
7.3651e-02 1.4582e+08 2.4303e+07 3.1700e-03 7.4314e-02 1.0000e+00
7.4903e-02 1.3489e+08 2.4014e+07 3.3878e-03 7.5466e-02 1.0000e+00
7.6156e-02 1.5952e+08 2.3279e+07 3.0133e-03 7.6729e-02 1.0000e+00
7.7409e-02 1.4684e+08 2.2980e+07 3.1361e-03 7.8078e-02 1.0000e+00
7.8661e-02 1.2360e+08 2.1005e+07 3.2174e-03 7.9248e-02 1.0000e+00
7.9914e-02 1.0618e+08 1.8380e+07 2.9694e-03 8.0560e-02 1.0000e+00
8.1167e-02 1.2049e+08 2.0192e+07 3.1907e-03 8.1844e-02 1.0000e+00
8.2419e-02 1.2279e+08 2.0824e+07 3.1121e-03 8.2988e-02 1.0000e+00
8.3672e-02 1.2830e+08 2.0252e+07 2.9781e-03 8.4298e-02 1.0000e+00
8.4925e-02 1.2648e+08 2.0878e+07 3.1386e-03 8.5535e-02 1.0000e+00
8.6177e-02 1.3275e+08 2.1028e+07 2.9426e-03 8.6760e-02 1.0000e+00
8.7430e-02 9.4461e+07 1.8570e+07 2.9503e-03 8.8093e-02 1.0000e+00
8.8683e-02 1.4797e+08 2.1932e+07 3.1313e-03 8.9296e-02 1.0000e+00
8.9935e-02 1.5540e+08 2.1842e+07 2.8953e-03 9.0514e-02 1.0000e+00
9.1188e-02 1.0955e+08 1.7945e+07 2.8957e-03 9.1842e-02 1.0000e+00
9.2441e-02 1.2484e+08 2.1996e+07 3.1158e-03 9.3027e-02 1.0000e+00
9.3694e-02 1.8381e+08 2.3851e+07 2.8060e-03 9.4266e-02 1.0000e+00
9.4946e-02 1.3577e+08 1.9997e+07 2.8507e-03 9.5621e-02 1.0000e+00
9.6199e-02 1.5093e+08 2.2236e+07 3.0128e-03 9.6808e-02 1.0000e+00
9.7452e-02 1.1711e+08 1.8184e+07 2.7770e-03 9.8072e-02 1.0000e+00
9.8704e-02 1.2471e+08 1.9621e+07 2.8986e-03 9.9376e-02 1.0000e+00
9.9957e-02 1.4245e+08 2.1689e+07 2.9407e-03 1.0051e-01 1.0000e+00
1.0121e-01 1.4008e+08 1.8602e+07 2.7037e-03 1.0183e-01 1.0000e+00
1.0246e-01 1.4901e+08 1.9988e+07 2.8732e-03 1.0313e-01 1.0000e+00
1.0372e-01 1.4736e+08 1.8573e+07 2.8098e-03 1.0431e-01 1.0000e+00
1.0497e-01 1.4492e+08 1.9065e+07 2.7333e-03 1.0562e-01 1.0000e+00
1.0622e-01 1.7675e+08 2.2343e+07 2.9361e-03 1.0682e-01 1.0000e+00
1.0747e-01 1.2774e+08 1.7762e+07 2.6475e-03 1.0805e-01 1.0000e+00
1.0873e-01 1.0685e+08 1.6118e+07 2.7579e-03 1.0938e-01 1.0000e+00
1.0998e-01 1.2693e+08 1.8660e+07 2.8436e-03 1.1056e-01 1.0000e+00
1.1123e-01 1.7742e+08 2.1627e+07 2.6236e-03 1.1182e-01 1.0000e+00
1.1248e-01 1.5449e+08 1.9256e+07 2.6865e-03 1.1315e-01 1.0000e+00
1.1374e-01 1.2917e+08 1.8928e+07 2.8015e-03 1.1435e-01 1.0000e+00
1.1499e-01 1.6953e+08 1.9834e+07 2.6202e-03 1.1559e-01 1.0000e+00
1.1624e-01 1.7379e+08 2.0215e+07 2.6827e-03 1.1689e-01 1.0000e+00
1.1749e-01 1.7318e+08 2.2428e+07 2.7614e-03 1.1806e-01 1.0000e+00
1.1875e-01 1.2877e+08 1.6384e+07 2.5315e-03 1.1935e-01 1.0000e+00
1.2000e-01 1.8604e+08 2.1572e+07 2.6579e-03 1.2068e-01 1.0000e+00
