Q, I, DelI, Q_Unc, Q_mean, Shadow
3.5000e-03 5.2093e+01 1.2595e-01 2.6878e-03 4.1795e-03 1.0000e+00
4.7527e-03 1.1412e+01 5.0954e-02 2.2466e-03 5.4397e-03 1.0000e+00
6.0054e-03 4.2200e+00 2.8577e-02 2.0123e-03 6.6902e-03 1.0000e+00
7.2581e-03 2.0689e+00 1.8494e-02 1.8473e-03 7.9324e-03 1.0000e+00
8.5108e-03 1.1727e+00 1.3156e-02 1.7311e-03 9.1688e-03 1.0000e+00
9.7634e-03 7.6190e-01 9.8526e-03 1.6169e-03 1.0401e-02 1.0000e+00
1.1016e-02 5.3909e-01 7.8215e-03 1.5133e-03 1.1649e-02 1.0000e+00
1.2269e-02 4.0364e-01 6.5502e-03 1.4475e-03 1.2903e-02 1.0000e+00
1.3522e-02 3.1799e-01 5.4921e-03 1.3684e-03 1.4159e-02 1.0000e+00
1.4774e-02 2.6060e-01 4.8536e-03 1.3100e-03 1.5429e-02 1.0000e+00
1.6027e-02 2.2293e-01 4.2634e-03 1.2751e-03 1.6683e-02 1.0000e+00
1.7280e-02 1.9029e-01 3.9007e-03 1.2201e-03 1.7933e-02 1.0000e+00
1.8532e-02 1.6238e-01 3.5806e-03 1.1941e-03 1.9176e-02 1.0000e+00
1.9785e-02 1.4228e-01 3.2864e-03 1.1465e-03 2.0419e-02 1.0000e+00
2.1038e-02 1.3513e-01 3.0141e-03 1.1062e-03 2.1678e-02 1.0000e+00
2.2290e-02 1.1993e-01 2.8305e-03 1.0799e-03 2.2942e-02 1.0000e+00
2.3543e-02 1.0843e-01 2.6799e-03 1.0602e-03 2.4192e-02 1.0000e+00
2.4796e-02 9.9260e-02 2.5233e-03 1.0237e-03 2.5443e-02 1.0000e+00
2.6048e-02 8.7818e-02 2.4965e-03 1.0771e-03 2.6664e-02 1.0000e+00
2.7301e-02 8.1421e-02 2.6183e-03 1.2094e-03 2.7929e-02 1.0000e+00
2.8554e-02 7.5591e-02 2.6112e-03 1.3523e-03 2.9162e-02 1.0000e+00
2.9806e-02 7.5624e-02 2.6570e-03 1.4858e-03 3.0427e-02 1.0000e+00
3.1059e-02 6.5352e-02 2.5491e-03 1.4573e-03 3.1659e-02 1.0000e+00
3.2312e-02 6.9473e-02 2.5324e-03 1.5191e-03 3.2923e-02 1.0000e+00
3.3565e-02 5.5307e-02 2.5351e-03 1.5365e-03 3.4182e-02 1.0000e+00
3.4817e-02 5.7479e-02 2.4440e-03 1.5568e-03 3.5434e-02 1.0000e+00
3.6070e-02 5.1916e-02 2.4297e-03 1.6053e-03 3.6700e-02 1.0000e+00
3.7323e-02 4.9982e-02 2.6442e-03 1.9938e-03 3.7913e-02 1.0000e+00
3.8575e-02 5.2523e-02 2.7054e-03 2.2862e-03 3.9193e-02 1.0000e+00
3.9828e-02 4.0705e-02 2.8554e-03 2.7142e-03 4.0403e-02 1.0000e+00
4.1081e-02 4.8576e-02 2.4092e-03 3.0835e-03 4.1717e-02 1.0000e+00
4.2333e-02 4.4964e-02 2.4316e-03 3.7596e-03 4.2968e-02 1.0000e+00
4.3586e-02 4.2005e-02 2.0171e-03 4.2071e-03 4.4125e-02 1.0000e+00
4.4839e-02 3.9686e-02 1.5046e-03 4.7093e-03 4.5536e-02 1.0000e+00
4.6091e-02 3.7497e-02 1.4773e-03 5.3431e-03 4.6669e-02 1.0000e+00
4.7344e-02 3.8709e-02 1.3624e-03 4.4852e-03 4.7932e-02 1.0000e+00
4.8597e-02 3.8124e-02 1.3650e-03 4.6754e-03 4.9324e-02 1.0000e+00
4.9849e-02 3.8800e-02 1.3728e-03 4.8271e-03 5.0477e-02 1.0000e+00
5.1102e-02 3.5856e-02 1.3540e-03 4.6196e-03 5.1779e-02 1.0000e+00
5.2355e-02 3.9067e-02 1.3207e-03 4.7966e-03 5.2970e-02 1.0000e+00
5.3608e-02 3.7968e-02 1.2775e-03 4.4619e-03 5.4180e-02 1.0000e+00
5.4860e-02 4.1050e-02 1.3100e-03 4.5663e-03 5.5503e-02 1.0000e+00
5.6113e-02 4.3618e-02 1.2855e-03 4.5399e-03 5.6719e-02 1.0000e+00
5.7366e-02 4.7762e-02 1.2988e-03 4.3663e-03 5.7993e-02 1.0000e+00
5.8618e-02 5.1259e-02 1.2922e-03 4.4390e-03 5.9273e-02 1.0000e+00
5.9871e-02 5.9097e-02 1.3041e-03 4.4393e-03 6.0516e-02 1.0000e+00
6.1124e-02 6.6862e-02 1.3780e-03 4.4400e-03 6.1705e-02 1.0000e+00
6.2376e-02 7.7469e-02 1.3765e-03 4.2337e-03 6.2973e-02 1.0000e+00
6.3629e-02 8.9276e-02 1.4812e-03 4.3686e-03 6.4235e-02 1.0000e+00
6.4882e-02 1.0327e-01 1.5110e-03 4.1517e-03 6.5470e-02 1.0000e+00
6.6134e-02 1.1245e-01 1.5327e-03 4.1522e-03 6.6830e-02 1.0000e+00
6.7387e-02 1.1862e-01 1.6341e-03 4.4424e-03 6.7985e-02 1.0000e+00
6.8640e-02 1.2077e-01 1.4482e-03 3.8968e-03 6.9279e-02 1.0000e+00
6.9892e-02 1.1977e-01 1.6294e-03 4.4685e-03 7.0573e-02 1.0000e+00
7.1145e-02 1.1382e-01 1.5202e-03 4.0197e-03 7.1683e-02 1.0000e+00
7.2398e-02 1.0761e-01 1.4281e-03 3.9493e-03 7.3068e-02 1.0000e+00
7.3651e-02 1.0046e-01 1.4325e-03 4.3964e-03 7.4230e-02 1.0000e+00
7.4903e-02 8.4264e-02 1.2991e-03 3.7575e-03 7.5479e-02 1.0000e+00
7.6156e-02 7.4789e-02 1.2758e-03 4.0405e-03 7.6844e-02 1.0000e+00
7.7409e-02 6.4293e-02 1.1913e-03 4.0975e-03 7.7992e-02 1.0000e+00
7.8661e-02 5.4175e-02 1.1411e-03 3.8681e-03 7.9258e-02 1.0000e+00
7.9914e-02 4.6779e-02 1.0438e-03 3.8686e-03 8.0551e-02 1.0000e+00
8.1167e-02 3.6800e-02 1.0121e-03 3.9355e-03 8.1799e-02 1.0000e+00
8.2419e-02 3.1266e-02 9.8904e-04 3.9195e-03 8.3035e-02 1.0000e+00
8.3672e-02 2.6993e-02 8.9695e-04 3.7028e-03 8.4315e-02 1.0000e+00
8.4925e-02 2.0927e-02 8.9713e-04 3.9721e-03 8.5565e-02 1.0000e+00
8.6177e-02 1.7967e-02 8.5940e-04 3.8080e-03 8.6746e-02 1.0000e+00
8.7430e-02 1.5388e-02 7.9836e-04 3.6487e-03 8.8082e-02 1.0000e+00
8.8683e-02 1.2787e-02 8.3025e-04 3.8725e-03 8.9291e-02 1.0000e+00
8.9935e-02 1.0378e-02 7.9552e-04 3.6636e-03 9.0556e-02 1.0000e+00
9.1188e-02 8.7628e-03 7.8249e-04 3.7204e-03 9.1853e-02 1.0000e+00
9.2441e-02 8.9010e-03 7.9139e-04 3.8110e-03 9.2990e-02 1.0000e+00
9.3694e-02 7.6074e-03 7.5762e-04 3.5855e-03 9.4305e-02 1.0000e+00
9.4946e-02 8.5152e-03 7.4936e-04 3.8275e-03 9.5489e-02 1.0000e+00
9.6199e-02 8.2661e-03 7.3266e-04 3.4186e-03 9.6761e-02 1.0000e+00
9.7452e-02 7.7149e-03 7.4372e-04 3.6537e-03 9.8123e-02 1.0000e+00
9.8704e-02 7.7217e-03 7.4882e-04 3.5747e-03 9.9304e-02 1.0000e+00
9.9957e-02 8.4606e-03 7.5907e-04 3.4778e-03 1.0063e-01 1.0000e+00
1.0121e-01 9.0864e-03 7.4990e-04 3.7849e-03 1.0184e-01 1.0000e+00
1.0246e-01 8.5676e-03 7.1905e-04 3.4213e-03 1.0303e-01 1.0000e+00
1.0372e-01 1.0171e-02 7.5826e-04 3.5525e-03 1.0433e-01 1.0000e+00
1.0497e-01 8.8586e-03 7.4039e-04 3.4454e-03 1.0559e-01 1.0000e+00
1.0622e-01 9.9510e-03 7.4796e-04 3.4459e-03 1.0686e-01 1.0000e+00
1.0747e-01 1.0378e-02 7.4571e-04 3.4935e-03 1.0812e-01 1.0000e+00
1.0873e-01 1.1572e-02 7.3603e-04 3.4246e-03 1.0939e-01 1.0000e+00
1.0998e-01 1.2736e-02 7.3354e-04 3.4828e-03 1.1059e-01 1.0000e+00
1.1123e-01 1.1525e-02 7.3598e-04 3.3716e-03 1.1185e-01 1.0000e+00
1.1248e-01 1.2046e-02 7.1795e-04 3.5197e-03 1.1310e-01 1.0000e+00
1.1374e-01 1.1622e-02 7.5662e-04 3.3207e-03 1.1427e-01 1.0000e+00
1.1499e-01 1.2558e-02 7.1282e-04 3.2428e-03 1.1564e-01 1.0000e+00
1.1624e-01 1.2943e-02 7.3911e-04 3.5587e-03 1.1686e-01 1.0000e+00
1.1749e-01 1.3063e-02 7.0951e-04 3.1887e-03 1.1807e-01 1.0000e+00
1.1875e-01 1.1384e-02 7.1192e-04 3.2834e-03 1.1944e-01 1.0000e+00
1.2000e-01 1.1104e-02 7.2263e-04 3.4881e-03 1.2058e-01 1.0000e+00
