Q, UU, DelUU, DU, DelDU, DD, DelDD, UD, DelUD, Q_Unc, Q_mean, Shadow
3.5000e-03 6.1632e+01 1.7048e-01 -1.6035e-01 1.8396e-02 8.0970e+01 1.8938e-01 4.0854e-02 1.8538e-02 2.5882e-03 4.1925e-03 1.0000e+00
4.7527e-03 1.3237e+01 8.0667e-02 5.3350e-02 1.0994e-02 1.7073e+01 8.8552e-02 3.0703e-02 1.0472e-02 2.3278e-03 5.4526e-03 1.0000e+00
6.0054e-03 5.2445e+00 4.1636e-02 1.0362e-01 7.1518e-03 6.3984e+00 4.4516e-02 1.4289e-01 7.3094e-03 1.9906e-03 6.6801e-03 1.0000e+00
7.2581e-03 2.3974e+00 2.6733e-02 9.3647e-02 5.8673e-03 2.8773e+00 2.8261e-02 9.3738e-02 5.7661e-03 1.8646e-03 7.9265e-03 1.0000e+00
8.5108e-03 1.2318e+00 1.8060e-02 7.1295e-02 5.6187e-03 1.5020e+00 1.9036e-02 1.0488e-01 5.8753e-03 1.7104e-03 9.1639e-03 1.0000e+00
9.7634e-03 8.8356e-01 1.3830e-02 9.4564e-02 4.8113e-03 9.4213e-01 1.4075e-02 8.7007e-02 4.7846e-03 1.6170e-03 1.0409e-02 1.0000e+00
1.1016e-02 5.1255e-01 1.0404e-02 8.3445e-02 4.4386e-03 6.7448e-01 1.1454e-02 9.1542e-02 4.4472e-03 1.4994e-03 1.1670e-02 1.0000e+00
1.2269e-02 4.3191e-01 8.9885e-03 7.1991e-02 4.0862e-03 5.1379e-01 9.5007e-03 7.1665e-02 4.1423e-03 1.4517e-03 1.2927e-02 1.0000e+00
1.3522e-02 2.6777e-01 7.5711e-03 9.0592e-02 3.9795e-03 3.8699e-01 8.4623e-03 1.0488e-01 3.9947e-03 1.3684e-03 1.4178e-02 1.0000e+00
1.4774e-02 2.1376e-01 6.4428e-03 5.7602e-02 3.7858e-03 2.9487e-01 7.0005e-03 7.9659e-02 3.8620e-03 1.3351e-03 1.5422e-02 1.0000e+00
1.6027e-02 1.5776e-01 5.9192e-03 6.3628e-02 3.5469e-03 1.8876e-01 6.0871e-03 7.3395e-02 3.5808e-03 1.2723e-03 1.6657e-02 1.0000e+00
1.7280e-02 2.0017e-01 5.4053e-03 7.2439e-02 3.2131e-03 2.0148e-01 5.3787e-03 8.3021e-02 3.2405e-03 1.2250e-03 1.7905e-02 1.0000e+00
1.8532e-02 1.4071e-01 5.0275e-03 5.8822e-02 3.2699e-03 1.5977e-01 5.1880e-03 6.0369e-02 3.3050e-03 1.1782e-03 1.9162e-02 1.0000e+00
1.9785e-02 1.6636e-01 4.9546e-03 5.4084e-02 2.8947e-03 1.2070e-01 4.5336e-03 8.0000e-02 3.0434e-03 1.1465e-03 2.0420e-02 1.0000e+00
2.1038e-02 8.5264e-02 4.4125e-03 4.6324e-02 2.9731e-03 1.0774e-01 4.5878e-03 6.3877e-02 3.0339e-03 1.1098e-03 2.1677e-02 1.0000e+00
2.2290e-02 8.9052e-02 4.0811e-03 4.9898e-02 2.6976e-03 1.1362e-01 4.2211e-03 5.9804e-02 2.7639e-03 1.0816e-03 2.2936e-02 1.0000e+00
2.3543e-02 7.7028e-02 3.8730e-03 4.8384e-02 2.6818e-03 6.6981e-02 3.7454e-03 5.3195e-02 2.6724e-03 1.0538e-03 2.4189e-02 1.0000e+00
2.4796e-02 7.8018e-02 3.5538e-03 4.7499e-02 2.6531e-03 1.0661e-01 3.8407e-03 6.1443e-02 2.7006e-03 1.0252e-03 2.5446e-02 1.0000e+00
2.6048e-02 4.7390e-02 3.5096e-03 3.6158e-02 2.4226e-03 7.1238e-02 3.7508e-03 6.5436e-02 2.6071e-03 1.0788e-03 2.6667e-02 1.0000e+00
2.7301e-02 5.6475e-02 3.4749e-03 3.0743e-02 2.5967e-03 6.4322e-02 3.5797e-03 4.2332e-02 2.6378e-03 1.2275e-03 2.7912e-02 1.0000e+00
2.8554e-02 5.0857e-02 3.3394e-03 2.5490e-02 2.3334e-03 3.8746e-02 3.2508e-03 5.1695e-02 2.4828e-03 1.3374e-03 2.9142e-02 1.0000e+00
2.9806e-02 6.3360e-02 3.3185e-03 3.0923e-02 2.4468e-03 6.3343e-02 3.3053e-03 3.3722e-02 2.4584e-03 1.4575e-03 3.0430e-02 1.0000e+00
3.1059e-02 5.5770e-02 3.0959e-03 4.0376e-02 2.2663e-03 6.7386e-02 3.1670e-03 5.0561e-02 2.3130e-03 1.4573e-03 3.1684e-02 1.0000e+00
3.2312e-02 4.9653e-02 3.1407e-03 3.5020e-02 2.1967e-03 5.2701e-02 3.1505e-03 4.7195e-02 2.2555e-03 1.5272e-03 3.2935e-02 1.0000e+00
3.3565e-02 2.7455e-02 2.8444e-03 9.2856e-03 2.3377e-03 4.5295e-02 2.9643e-03 1.9479e-02 2.3808e-03 1.5371e-03 3.4188e-02 1.0000e+00
3.4817e-02 5.0853e-02 2.9445e-03 2.4355e-02 2.3032e-03 4.0100e-02 2.8598e-03 3.0562e-02 2.3290e-03 1.5851e-03 3.5428e-02 1.0000e+00
3.6070e-02 3.7413e-02 3.0475e-03 7.2561e-03 2.4329e-03 3.6743e-02 3.0349e-03 3.6754e-02 2.5468e-03 1.6051e-03 3.6679e-02 1.0000e+00
3.7323e-02 3.0513e-02 4.3825e-03 1.9852e-02 3.0166e-03 4.4288e-02 4.5214e-03 3.2504e-02 3.1167e-03 1.9127e-03 3.7893e-02 1.0000e+00
3.8575e-02 3.8343e-02 4.3663e-03 2.9089e-02 2.6135e-03 3.4223e-02 4.2502e-03 3.1760e-02 2.7259e-03 2.3093e-03 3.9207e-02 1.0000e+00
3.9828e-02 4.7011e-02 2.0282e-03 1.8061e-02 1.4300e-03 4.9664e-02 2.0406e-03 1.2988e-02 1.3883e-03 2.6237e-03 4.0410e-02 1.0000e+00
4.1081e-02 4.5251e-02 1.6131e-03 2.1468e-02 8.8126e-04 5.1699e-02 1.6537e-03 2.3014e-02 8.8845e-04 3.0615e-03 4.1704e-02 1.0000e+00
4.2333e-02 4.3048e-02 2.1243e-03 8.9795e-03 1.0416e-03 3.8932e-02 2.0547e-03 1.2491e-02 1.0808e-03 3.6858e-03 4.2984e-02 1.0000e+00
4.3586e-02 3.4661e-02 1.7083e-03 1.5308e-02 9.3820e-04 3.8281e-02 1.7250e-03 1.4841e-02 9.3211e-04 4.2071e-03 4.4112e-02 1.0000e+00
4.4839e-02 3.8309e-02 1.5717e-03 1.2363e-02 7.8884e-04 4.4705e-02 1.6097e-03 1.5678e-02 8.1147e-04 4.6284e-03 4.5510e-02 1.0000e+00
4.6091e-02 3.3258e-02 1.9460e-03 1.6587e-02 9.4784e-04 3.7674e-02 1.9812e-03 1.4195e-02 9.1525e-04 5.3431e-03 4.6674e-02 1.0000e+00
4.7344e-02 3.2114e-02 1.5420e-03 9.6503e-03 8.5522e-04 3.6556e-02 1.5628e-03 8.6813e-03 8.4693e-04 4.5370e-03 4.7894e-02 1.0000e+00
4.8597e-02 2.8347e-02 1.5129e-03 8.7919e-03 8.2122e-04 4.3438e-02 1.6314e-03 1.1067e-02 8.3642e-04 4.6468e-03 4.9286e-02 1.0000e+00
4.9849e-02 3.8328e-02 1.9378e-03 8.1827e-03 1.0292e-03 3.7513e-02 1.9172e-03 9.1514e-03 1.0353e-03 4.8592e-03 5.0443e-02 1.0000e+00
5.1102e-02 3.2943e-02 1.3526e-03 4.5032e-03 7.3599e-04 4.0185e-02 1.3990e-03 5.0784e-03 7.3819e-04 4.5383e-03 5.1748e-02 1.0000e+00
5.2355e-02 4.5559e-02 1.5879e-03 4.5592e-03 8.2547e-04 5.2731e-02 1.6351e-03 5.0321e-03 8.2705e-04 4.8281e-03 5.2963e-02 1.0000e+00
5.3608e-02 4.0763e-02 1.6873e-03 5.2406e-03 8.6680e-04 4.2014e-02 1.6852e-03 8.4861e-03 8.8915e-04 4.4619e-03 5.4166e-02 1.0000e+00
5.4860e-02 3.6171e-02 1.4243e-03 5.6216e-03 6.7950e-04 4.7442e-02 1.4961e-03 7.5205e-03 6.9220e-04 4.5663e-03 5.5473e-02 1.0000e+00
5.6113e-02 3.9362e-02 1.5931e-03 6.8548e-03 7.3194e-04 4.3085e-02 1.6109e-03 7.7724e-03 7.3826e-04 4.4135e-03 5.6743e-02 1.0000e+00
5.7366e-02 3.9461e-02 1.5440e-03 4.1926e-03 7.4886e-04 4.9975e-02 1.6046e-03 8.4496e-03 7.7682e-04 4.4385e-03 5.8016e-02 1.0000e+00
5.8618e-02 5.1172e-02 1.5190e-03 7.6456e-03 6.1329e-04 5.9221e-02 1.5626e-03 9.0333e-03 6.2355e-04 4.4390e-03 5.9274e-02 1.0000e+00
5.9871e-02 7.0721e-02 2.0311e-03 7.8918e-03 7.7543e-04 8.2976e-02 2.1149e-03 1.0038e-03 6.9178e-04 4.4894e-03 6.0524e-02 1.0000e+00
6.1124e-02 8.7883e-02 1.6269e-03 7.8007e-03 6.1090e-04 8.1469e-02 1.5776e-03 8.8548e-03 6.1799e-04 4.3914e-03 6.1686e-02 1.0000e+00
6.2376e-02 8.0614e-02 1.6037e-03 6.0542e-03 6.4545e-04 1.1248e-01 1.7676e-03 4.9066e-03 6.3407e-04 4.2338e-03 6.2984e-02 1.0000e+00
6.3629e-02 1.0116e-01 2.0672e-03 6.4831e-03 6.9233e-04 1.1822e-01 2.1614e-03 6.5574e-03 6.9041e-04 4.4656e-03 6.4229e-02 1.0000e+00
6.4882e-02 1.0583e-01 1.7715e-03 2.3635e-03 6.8654e-04 1.2702e-01 1.8568e-03 3.6281e-03 6.9252e-04 4.0925e-03 6.5444e-02 1.0000e+00
6.6134e-02 1.1843e-01 1.8198e-03 2.3980e-03 6.6898e-04 1.5051e-01 1.9622e-03 3.9845e-03 6.7717e-04 4.0930e-03 6.6842e-02 1.0000e+00
6.7387e-02 1.4382e-01 2.2571e-03 8.1667e-03 7.8775e-04 1.7103e-01 2.3869e-03 6.0612e-03 7.6707e-04 4.5183e-03 6.8012e-02 1.0000e+00
6.8640e-02 1.3359e-01 1.7370e-03 3.2239e-03 6.1157e-04 1.6057e-01 1.8434e-03 3.8996e-04 5.9020e-04 3.9305e-03 6.9257e-02 1.0000e+00
6.9892e-02 1.3714e-01 1.9086e-03 3.0695e-03 6.1794e-04 1.5102e-01 1.9557e-03 5.3189e-03 6.3267e-04 4.3025e-03 7.0586e-02 1.0000e+00
7.1145e-02 1.4044e-01 2.0916e-03 4.1400e-03 7.2238e-04 1.5717e-01 2.1563e-03 3.0296e-03 7.1253e-04 4.1744e-03 7.1689e-02 1.0000e+00
7.2398e-02 1.3089e-01 1.7228e-03 3.0217e-03 5.9838e-04 1.4235e-01 1.7586e-03 3.4494e-03 5.9988e-04 3.9150e-03 7.3028e-02 1.0000e+00
7.3651e-02 1.1444e-01 1.7430e-03 3.5012e-03 6.1892e-04 1.2237e-01 1.7687e-03 2.6153e-03 6.1104e-04 4.1756e-03 7.4287e-02 1.0000e+00
7.4903e-02 1.0121e-01 1.7344e-03 7.0746e-04 7.2616e-04 1.1588e-01 1.7972e-03 9.2832e-04 7.2619e-04 3.9159e-03 7.5517e-02 1.0000e+00
7.6156e-02 8.3968e-02 1.4490e-03 2.7411e-03 5.4832e-04 9.4628e-02 1.4935e-03 4.7724e-03 5.6171e-04 4.0039e-03 7.6838e-02 1.0000e+00
7.7409e-02 7.7749e-02 1.6592e-03 1.5548e-03 6.4697e-04 7.1037e-02 1.5999e-03 3.3566e-03 6.6148e-04 4.0975e-03 7.8019e-02 1.0000e+00
7.8661e-02 6.6018e-02 1.4199e-03 1.4794e-03 6.6171e-04 7.0126e-02 1.4315e-03 1.7286e-03 6.6240e-04 3.9519e-03 7.9233e-02 1.0000e+00
7.9914e-02 3.5622e-02 1.1977e-03 2.8325e-03 5.6075e-04 6.4522e-02 1.3680e-03 2.7279e-03 5.5767e-04 3.7897e-03 8.0527e-02 1.0000e+00
8.1167e-02 4.5988e-02 1.4975e-03 2.1765e-03 6.5825e-04 5.3744e-02 1.5482e-03 1.8113e-03 6.5344e-04 4.0239e-03 8.1788e-02 1.0000e+00
8.2419e-02 4.0377e-02 1.1185e-03 2.7828e-03 6.0046e-04 4.4308e-02 1.1342e-03 1.6810e-03 5.9371e-04 3.8377e-03 8.3008e-02 1.0000e+00
8.3672e-02 2.7302e-02 1.1217e-03 3.7823e-03 5.5325e-04 2.8973e-02 1.1275e-03 3.6580e-03 5.5162e-04 3.7028e-03 8.4317e-02 1.0000e+00
8.4925e-02 2.6320e-02 1.2864e-03 2.6474e-03 7.0773e-04 2.5999e-02 1.2679e-03 3.4304e-03 7.1404e-04 4.0819e-03 8.5549e-02 1.0000e+00
8.6177e-02 2.1961e-02 9.5908e-04 7.9490e-04 5.7141e-04 2.8301e-02 1.0001e-03 2.5281e-03 5.7969e-04 3.7184e-03 8.6725e-02 1.0000e+00
8.7430e-02 1.6609e-02 1.0081e-03 4.5283e-04 5.6106e-04 2.2190e-02 1.0496e-03 3.1424e-03 5.7798e-04 3.6086e-03 8.8103e-02 1.0000e+00
8.8683e-02 2.0437e-02 1.1935e-03 4.4645e-03 6.5080e-04 1.0965e-02 1.1100e-03 6.1336e-03 6.6119e-04 3.9565e-03 8.9312e-02 1.0000e+00
8.9935e-02 1.1711e-02 9.2758e-04 2.5259e-03 5.2865e-04 1.0850e-02 9.1444e-04 4.3309e-03 5.4076e-04 3.5838e-03 9.0570e-02 1.0000e+00
9.1188e-02 6.0207e-03 9.8866e-04 5.2782e-03 6.0784e-04 9.1141e-03 1.0133e-03 -1.0932e-03 5.5924e-04 3.7498e-03 9.1894e-02 1.0000e+00
9.2441e-02 3.5713e-03 1.0683e-03 -1.2272e-03 6.3267e-04 1.0013e-02 1.1155e-03 2.6847e-03 6.5597e-04 3.8421e-03 9.3014e-02 1.0000e+00
9.3694e-02 9.4137e-03 8.8900e-04 1.0467e-03 5.4109e-04 1.5573e-02 9.2889e-04 3.4979e-03 5.5561e-04 3.5727e-03 9.4313e-02 1.0000e+00
9.4946e-02 9.5096e-03 1.0308e-03 2.1582e-03 6.2367e-04 9.2152e-03 1.0286e-03 1.5690e-03 6.1896e-04 3.7223e-03 9.5554e-02 1.0000e+00
9.6199e-02 1.3409e-02 1.0156e-03 2.4985e-03 6.4364e-04 1.5431e-02 1.0320e-03 2.9171e-03 6.4369e-04 3.5738e-03 9.6767e-02 1.0000e+00
9.7452e-02 4.6453e-03 8.8048e-04 -1.5538e-03 5.5114e-04 2.9609e-03 8.6129e-04 1.0096e-03 5.6800e-04 3.6003e-03 9.8095e-02 1.0000e+00
9.8704e-02 9.4955e-03 1.0078e-03 1.0542e-04 6.5017e-04 1.5794e-02 1.0694e-03 2.7785e-05 6.4336e-04 3.6676e-03 9.9282e-02 1.0000e+00
9.9957e-02 7.7840e-03 9.0077e-04 8.8798e-04 5.7293e-04 1.0100e-02 9.0755e-04 1.3473e-03 5.7324e-04 3.4205e-03 1.0058e-01 1.0000e+00
1.0121e-01 1.2068e-02 9.1259e-04 1.0322e-03 5.4537e-04 1.5170e-02 9.3383e-04 3.3163e-03 5.5951e-04 3.6286e-03 1.0187e-01 1.0000e+00
1.0246e-01 1.1999e-02 1.0865e-03 3.1150e-03 5.8297e-04 6.4487e-03 1.0317e-03 4.1790e-03 5.9124e-04 3.5766e-03 1.0306e-01 1.0000e+00
1.0372e-01 1.8151e-02 8.6321e-04 1.7121e-03 5.3590e-04 2.2502e-02 8.8815e-04 1.9302e-03 5.3673e-04 3.5526e-03 1.0429e-01 1.0000e+00
1.0497e-01 1.1304e-02 9.3327e-04 6.6361e-04 5.6016e-04 1.8197e-02 9.8591e-04 -1.0078e-05 5.5088e-04 3.4228e-03 1.0556e-01 1.0000e+00
1.0622e-01 1.2428e-02 1.0544e-03 1.3131e-03 6.5062e-04 1.6965e-02 1.0884e-03 7.5037e-04 6.4476e-04 3.4805e-03 1.0683e-01 1.0000e+00
1.0747e-01 7.3574e-03 8.9039e-04 8.2566e-04 5.2971e-04 9.5602e-03 8.9609e-04 5.8578e-04 5.2833e-04 3.4132e-03 1.0810e-01 1.0000e+00
1.0873e-01 1.6724e-02 9.4318e-04 1.3821e-03 5.5328e-04 1.8827e-02 9.4710e-04 3.5862e-03 5.6679e-04 3.3808e-03 1.0942e-01 1.0000e+00
1.0998e-01 1.4099e-02 1.0227e-03 5.3645e-03 5.8932e-04 1.3196e-02 1.0171e-03 6.1474e-03 5.8821e-04 3.5681e-03 1.1062e-01 1.0000e+00
1.1123e-01 2.1341e-02 8.7913e-04 2.4392e-03 4.8964e-04 2.5148e-02 8.9298e-04 2.7853e-03 4.9269e-04 3.3610e-03 1.1184e-01 1.0000e+00
1.1248e-01 1.3858e-02 9.5366e-04 2.0622e-03 5.1991e-04 1.5623e-02 9.6335e-04 5.0775e-03 5.4081e-04 3.5079e-03 1.1311e-01 1.0000e+00
1.1374e-01 1.8682e-02 1.0038e-03 7.9600e-04 5.9941e-04 1.7037e-02 9.7177e-04 -9.0815e-04 5.8814e-04 3.3620e-03 1.1426e-01 1.0000e+00
1.1499e-01 9.6856e-03 8.4988e-04 4.4584e-04 5.2845e-04 1.2714e-02 8.7417e-04 3.6257e-04 5.2497e-04 3.2428e-03 1.1561e-01 1.0000e+00
1.1624e-01 9.9050e-03 9.6040e-04 -2.4729e-04 5.6798e-04 1.2794e-02 9.7315e-04 1.4705e-03 5.7931e-04 3.4513e-03 1.1688e-01 1.0000e+00
1.1749e-01 1.4251e-02 9.0752e-04 -3.3522e-03 6.2488e-04 1.3531e-02 9.0300e-04 -3.6215e-03 6.2176e-04 3.2826e-03 1.1807e-01 1.0000e+00
1.1875e-01 7.2929e-03 8.4357e-04 1.5004e-03 4.8728e-04 6.9992e-03 8.2876e-04 2.2310e-03 4.8953e-04 3.2736e-03 1.1941e-01 1.0000e+00
1.2000e-01 7.5583e-03 1.0086e-03 1.7297e-03 5.5048e-04 2.5084e-03 9.6450e-04 3.4042e-03 5.6250e-04 3.4762e-03 1.2058e-01 1.0000e+00
