 Q, I, DelI, Q_mean, Q_Unc, Shadow
5.0000e-03 4.7060e+03 7.4936e+00 5.7070e-03 3.5091e-03 1.0000e+00
6.4894e-03 1.5922e+03 3.7723e+00 7.2801e-03 3.0515e-03 1.0000e+00
7.9787e-03 6.5648e+02 2.3477e+00 8.7749e-03 2.9459e-03 1.0000e+00
9.4681e-03 3.5869e+02 1.5990e+00 1.0189e-02 2.7101e-03 1.0000e+00
1.0957e-02 2.1534e+02 1.1180e+00 1.1694e-02 2.4431e-03 1.0000e+00
1.2447e-02 1.3395e+02 8.8049e-01 1.3229e-02 2.4245e-03 1.0000e+00
1.3936e-02 9.7698e+01 7.4442e-01 1.4703e-02 2.3884e-03 1.0000e+00
1.5426e-02 7.3076e+01 6.2681e-01 1.6160e-02 2.3205e-03 1.0000e+00
1.6915e-02 5.7435e+01 5.3030e-01 1.7664e-02 2.1864e-03 1.0000e+00
1.8404e-02 4.4553e+01 4.5225e-01 1.9210e-02 2.1216e-03 1.0000e+00
1.9894e-02 4.0161e+01 4.3721e-01 2.0645e-02 2.1604e-03 1.0000e+00
2.1383e-02 3.3614e+01 3.7051e-01 2.2101e-02 1.9971e-03 1.0000e+00
2.2872e-02 3.0556e+01 3.3847e-01 2.3646e-02 1.9192e-03 1.0000e+00
2.4362e-02 2.7763e+01 3.3092e-01 2.5132e-02 1.9480e-03 1.0000e+00
2.5851e-02 2.6978e+01 3.1913e-01 2.6582e-02 1.9294e-03 1.0000e+00
2.7340e-02 2.3786e+01 2.8847e-01 2.8069e-02 1.8508e-03 1.0000e+00
2.8830e-02 2.3713e+01 2.8772e-01 2.9591e-02 1.8681e-03 1.0000e+00
3.0319e-02 2.4404e+01 3.6330e-01 3.1125e-02 2.4123e-03 1.0000e+00
3.1809e-02 2.4207e+01 4.2678e-01 3.2396e-02 3.0614e-03 1.0000e+00
3.3298e-02 2.5514e+01 4.7145e-01 3.4002e-02 4.0023e-03 1.0000e+00
3.4787e-02 2.4972e+01 4.1492e-01 3.5534e-02 3.5228e-03 1.0000e+00
3.6277e-02 2.4903e+01 5.2860e-01 3.6902e-02 4.5011e-03 1.0000e+00
3.7766e-02 2.3311e+01 9.2990e-01 3.7941e-02 8.0117e-03 1.0000e+00
4.2234e-02 2.4243e+01 4.0878e-01 4.3660e-02 2.4011e-02 1.0000e+00
4.3723e-02 2.3295e+01 2.5257e-01 4.3964e-02 1.5186e-02 1.0000e+00
4.5213e-02 2.3265e+01 1.5059e-01 4.5910e-02 9.0765e-03 1.0000e+00
4.6702e-02 2.4408e+01 2.3663e-01 4.7887e-02 1.3866e-02 1.0000e+00
4.8191e-02 2.5318e+01 1.9679e-01 4.8420e-02 1.1322e-02 1.0000e+00
4.9681e-02 2.6322e+01 1.5593e-01 5.0470e-02 8.7712e-03 1.0000e+00
5.1170e-02 2.7720e+01 2.5296e-01 5.2296e-02 1.3870e-02 1.0000e+00
5.2660e-02 2.7839e+01 1.8793e-01 5.2963e-02 1.0244e-02 1.0000e+00
5.4149e-02 3.1192e+01 1.6744e-01 5.4996e-02 8.6312e-03 1.0000e+00
5.5638e-02 3.5731e+01 2.6648e-01 5.6673e-02 1.2845e-02 1.0000e+00
5.7128e-02 3.5799e+01 1.9982e-01 5.7538e-02 9.6131e-03 1.0000e+00
5.8617e-02 4.2237e+01 1.8915e-01 5.9550e-02 8.3684e-03 1.0000e+00
6.0106e-02 4.7834e+01 3.2102e-01 6.1069e-02 1.3335e-02 1.0000e+00
6.1596e-02 5.3202e+01 2.2284e-01 6.2079e-02 8.7786e-03 1.0000e+00
6.3085e-02 6.6575e+01 2.3762e-01 6.4076e-02 8.3714e-03 1.0000e+00
6.4574e-02 7.8540e+01 3.8330e-01 6.5415e-02 1.2418e-02 1.0000e+00
6.6064e-02 9.1955e+01 2.7967e-01 6.6594e-02 8.3731e-03 1.0000e+00
6.7553e-02 1.1817e+02 3.2182e-01 6.8588e-02 8.5044e-03 1.0000e+00
6.9043e-02 1.3369e+02 4.7000e-01 6.9725e-02 1.1669e-02 1.0000e+00
7.0532e-02 1.5557e+02 3.3925e-01 7.1132e-02 7.8060e-03 1.0000e+00
7.2021e-02 1.8356e+02 4.0757e-01 7.3099e-02 8.6440e-03 1.0000e+00
7.3511e-02 1.9462e+02 5.8483e-01 7.3889e-02 1.2033e-02 1.0000e+00
7.5000e-02 2.1915e+02 3.7446e-01 7.5582e-02 7.2573e-03 1.0000e+00
7.6489e-02 2.3971e+02 4.5945e-01 7.7546e-02 8.5116e-03 1.0000e+00
7.7979e-02 2.4268e+02 6.1617e-01 7.8323e-02 1.1350e-02 1.0000e+00
7.9468e-02 2.4805e+02 3.8550e-01 8.0109e-02 7.0250e-03 1.0000e+00
8.0957e-02 2.4549e+02 4.6284e-01 8.2026e-02 8.5154e-03 1.0000e+00
8.2447e-02 2.4485e+02 5.5690e-01 8.2862e-02 1.0271e-02 1.0000e+00
8.3936e-02 2.2957e+02 3.6234e-01 8.4650e-02 6.8834e-03 1.0000e+00
8.5426e-02 2.0613e+02 4.3741e-01 8.6477e-02 8.7989e-03 1.0000e+00
8.6915e-02 2.0278e+02 4.4778e-01 8.7349e-02 9.1086e-03 1.0000e+00
8.8404e-02 1.7957e+02 3.2008e-01 8.9159e-02 6.8869e-03 1.0000e+00
8.9894e-02 1.5676e+02 3.8145e-01 9.0872e-02 8.8033e-03 1.0000e+00
9.1383e-02 1.4645e+02 3.4685e-01 9.1845e-02 8.2702e-03 1.0000e+00
9.2872e-02 1.2376e+02 2.6525e-01 9.3667e-02 6.8905e-03 1.0000e+00
9.4362e-02 1.0604e+02 3.2047e-01 9.5253e-02 8.9585e-03 1.0000e+00
9.5851e-02 9.8046e+01 2.5815e-01 9.6345e-02 7.5353e-03 1.0000e+00
9.7340e-02 7.9403e+01 2.1215e-01 9.8174e-02 6.8943e-03 1.0000e+00
9.8830e-02 6.7812e+01 2.5941e-01 9.9640e-02 9.1221e-03 1.0000e+00
1.0032e-01 6.3277e+01 1.9737e-01 1.0081e-01 7.1967e-03 1.0000e+00
1.0181e-01 5.0440e+01 1.6731e-01 1.0263e-01 6.8290e-03 1.0000e+00
1.0330e-01 4.4610e+01 1.9930e-01 1.0407e-01 8.6744e-03 1.0000e+00
1.0479e-01 3.8982e+01 1.5000e-01 1.0532e-01 6.9723e-03 1.0000e+00
1.0628e-01 3.2556e+01 1.3438e-01 1.0711e-01 6.8331e-03 1.0000e+00
1.0777e-01 3.1040e+01 2.0737e-01 1.0815e-01 1.0806e-02 1.0000e+00
1.0926e-01 2.6919e+01 1.5785e-01 1.0982e-01 8.8248e-03 1.0000e+00
1.1074e-01 2.4458e+01 1.6776e-01 1.1167e-01 9.8690e-03 1.0000e+00
1.1223e-01 2.2814e+01 2.0559e-01 1.1273e-01 1.2485e-02 1.0000e+00
