 Q, I, DelI, Q_mean, Q_Unc, Shadow
5.0000e-03 4.4346e+03 1.5365e+01 5.7634e-03 1.5351e-03 1.0000e+00
6.4894e-03 1.5111e+03 7.5556e+00 7.2656e-03 1.3680e-03 1.0000e+00
7.9787e-03 6.6354e+02 4.5904e+00 8.7518e-03 1.2941e-03 1.0000e+00
9.4681e-03 3.5335e+02 3.0112e+00 1.0216e-02 1.1982e-03 1.0000e+00
1.0957e-02 2.1255e+02 2.1500e+00 1.1712e-02 1.1155e-03 1.0000e+00
1.2447e-02 1.3823e+02 1.6334e+00 1.3208e-02 1.0696e-03 1.0000e+00
1.3936e-02 9.6980e+01 1.2809e+00 1.4696e-02 1.0122e-03 1.0000e+00
1.5426e-02 7.4240e+01 1.0662e+00 1.6188e-02 9.7158e-04 1.0000e+00
1.6915e-02 5.7884e+01 8.9264e-01 1.7679e-02 9.3229e-04 1.0000e+00
1.8404e-02 4.6905e+01 7.6814e-01 1.9167e-02 9.0028e-04 1.0000e+00
1.9894e-02 4.0852e+01 6.9095e-01 2.0647e-02 8.7140e-04 1.0000e+00
2.1383e-02 3.5437e+01 6.2407e-01 2.2130e-02 8.4124e-04 1.0000e+00
2.2872e-02 3.0968e+01 5.5693e-01 2.3621e-02 8.1404e-04 1.0000e+00
2.4362e-02 2.9158e+01 5.2561e-01 2.5110e-02 7.9389e-04 1.0000e+00
2.5851e-02 2.6635e+01 4.8622e-01 2.6600e-02 7.6859e-04 1.0000e+00
2.7340e-02 2.5081e+01 4.6217e-01 2.8089e-02 7.5439e-04 1.0000e+00
2.8830e-02 2.3725e+01 4.3316e-01 2.9579e-02 7.3111e-04 1.0000e+00
3.0319e-02 2.2591e+01 4.1179e-01 3.1075e-02 7.3907e-04 1.0000e+00
3.1809e-02 2.1594e+01 4.1407e-01 3.2544e-02 7.7062e-04 1.0000e+00
3.3298e-02 2.2152e+01 4.3035e-01 3.4020e-02 8.0450e-04 1.0000e+00
3.4787e-02 2.0738e+01 4.2930e-01 3.5518e-02 8.2958e-04 1.0000e+00
3.6277e-02 2.1836e+01 4.5864e-01 3.7013e-02 8.8563e-04 1.0000e+00
3.7766e-02 2.1594e+01 4.9890e-01 3.8474e-02 9.8745e-04 1.0000e+00
3.9255e-02 2.0687e+01 5.2263e-01 3.9971e-02 1.1390e-03 1.0000e+00
4.0745e-02 2.3694e+01 6.2678e-01 4.1465e-02 1.2743e-03 1.0000e+00
4.2234e-02 2.0498e+01 6.1147e-01 4.2962e-02 1.6494e-03 1.0000e+00
4.3723e-02 2.1826e+01 6.6804e-01 4.4422e-02 1.9598e-03 1.0000e+00
4.5213e-02 2.2212e+01 6.2810e-01 4.5920e-02 2.4863e-03 1.0000e+00
4.6702e-02 2.2820e+01 6.4963e-01 4.7478e-02 3.3570e-03 1.0000e+00
4.8191e-02 2.4273e+01 6.0048e-01 4.8808e-02 4.3465e-03 1.0000e+00
4.9681e-02 2.5205e+01 3.8903e-01 5.0422e-02 4.4496e-03 1.0000e+00
5.1170e-02 2.7152e+01 4.2179e-01 5.1946e-02 4.9291e-03 1.0000e+00
5.2660e-02 2.7711e+01 3.6812e-01 5.3322e-02 4.2974e-03 1.0000e+00
5.4149e-02 3.1132e+01 3.8214e-01 5.4962e-02 4.1511e-03 1.0000e+00
5.5638e-02 3.2851e+01 4.0405e-01 5.6423e-02 4.3687e-03 1.0000e+00
5.7128e-02 3.5788e+01 4.1042e-01 5.7842e-02 4.1991e-03 1.0000e+00
5.8617e-02 3.9082e+01 4.2554e-01 5.9360e-02 4.1523e-03 1.0000e+00
6.0106e-02 4.5088e+01 4.3535e-01 6.0835e-02 4.1069e-03 1.0000e+00
6.1596e-02 5.1884e+01 4.7406e-01 6.2339e-02 4.0778e-03 1.0000e+00
6.3085e-02 6.0865e+01 5.1235e-01 6.3836e-02 4.0492e-03 1.0000e+00
6.4574e-02 7.2835e+01 5.4702e-01 6.5319e-02 4.0785e-03 1.0000e+00
6.6064e-02 8.6739e+01 6.0152e-01 6.6747e-02 4.0217e-03 1.0000e+00
6.7553e-02 1.0433e+02 6.2598e-01 6.8303e-02 3.8633e-03 1.0000e+00
6.9043e-02 1.2316e+02 6.9953e-01 6.9787e-02 4.0654e-03 1.0000e+00
7.0532e-02 1.4557e+02 7.3686e-01 7.1203e-02 3.8518e-03 1.0000e+00
7.2021e-02 1.7095e+02 7.6782e-01 7.2823e-02 3.7686e-03 1.0000e+00
7.3511e-02 1.9131e+02 8.8010e-01 7.4221e-02 4.1111e-03 1.0000e+00
7.5000e-02 2.0921e+02 8.2485e-01 7.5695e-02 3.6484e-03 1.0000e+00
7.6489e-02 2.2542e+02 8.9502e-01 7.7298e-02 3.8293e-03 1.0000e+00
7.7979e-02 2.3316e+02 8.9702e-01 7.8650e-02 3.9044e-03 1.0000e+00
7.9468e-02 2.4064e+02 8.5888e-01 8.0196e-02 3.5885e-03 1.0000e+00
8.0957e-02 2.4117e+02 8.8220e-01 8.1771e-02 3.7040e-03 1.0000e+00
8.2447e-02 2.3566e+02 8.7144e-01 8.3184e-02 3.8311e-03 1.0000e+00
8.3936e-02 2.2773e+02 8.5650e-01 8.4657e-02 3.6515e-03 1.0000e+00
8.5426e-02 2.1345e+02 7.7894e-01 8.6174e-02 3.5904e-03 1.0000e+00
8.6915e-02 1.9733e+02 7.5749e-01 8.7667e-02 3.6523e-03 1.0000e+00
8.8404e-02 1.8080e+02 7.4278e-01 8.9140e-02 3.6017e-03 1.0000e+00
8.9894e-02 1.6216e+02 6.6539e-01 9.0668e-02 3.5624e-03 1.0000e+00
9.1383e-02 1.4551e+02 6.6385e-01 9.2075e-02 3.6968e-03 1.0000e+00
9.2872e-02 1.2655e+02 5.6968e-01 9.3587e-02 3.3919e-03 1.0000e+00
9.4362e-02 1.1063e+02 5.4254e-01 9.5163e-02 3.5447e-03 1.0000e+00
9.5851e-02 9.6172e+01 5.1608e-01 9.6543e-02 3.5647e-03 1.0000e+00
9.7340e-02 8.2081e+01 4.5511e-01 9.8094e-02 3.3935e-03 1.0000e+00
9.8830e-02 7.0802e+01 4.3800e-01 9.9553e-02 3.6054e-03 1.0000e+00
1.0032e-01 6.1450e+01 3.8308e-01 1.0097e-01 3.3614e-03 1.0000e+00
1.0181e-01 5.1220e+01 3.5215e-01 1.0259e-01 3.3300e-03 1.0000e+00
1.0330e-01 4.4192e+01 3.3518e-01 1.0403e-01 3.5291e-03 1.0000e+00
1.0479e-01 3.8524e+01 2.9828e-01 1.0548e-01 3.3230e-03 1.0000e+00
1.0628e-01 3.2890e+01 2.8049e-01 1.0703e-01 3.3397e-03 1.0000e+00
1.0777e-01 2.8736e+01 2.6161e-01 1.0844e-01 3.5307e-03 1.0000e+00
1.0926e-01 2.5697e+01 2.4729e-01 1.0996e-01 3.4761e-03 1.0000e+00
1.1074e-01 2.2659e+01 2.3619e-01 1.1147e-01 3.6201e-03 1.0000e+00
1.1223e-01 2.0486e+01 2.5227e-01 1.1291e-01 4.1574e-03 1.0000e+00
1.1372e-01 1.9033e+01 3.1044e-01 1.1442e-01 5.4701e-03 1.0000e+00
1.1521e-01 1.7940e+01 3.8825e-01 1.1591e-01 7.0480e-03 1.0000e+00
1.1670e-01 1.6100e+01 5.0927e-01 1.1737e-01 1.0803e-02 1.0000e+00
1.1819e-01 1.6117e+01 7.1953e-01 1.1868e-01 1.5280e-02 1.0000e+00
