 Q, I, DelI, Q_mean, Q_Unc, Shadow
5.0000e-03 -1.2573e+01 2.0457e-01 5.7634e-03 1.5351e-03 1.0000e+00
6.4894e-03 -3.5663e+00 1.0430e-01 7.2656e-03 1.3680e-03 1.0000e+00
7.9787e-03 -8.9301e-01 6.9321e-02 8.7518e-03 1.2941e-03 1.0000e+00
9.4681e-03 1.9231e-01 5.1378e-02 1.0216e-02 1.1982e-03 1.0000e+00
1.0957e-02 6.2215e-01 4.1218e-02 1.1712e-02 1.1155e-03 1.0000e+00
1.2447e-02 7.5962e-01 3.5413e-02 1.3208e-02 1.0696e-03 1.0000e+00
1.3936e-02 1.0067e+00 3.1915e-02 1.4696e-02 1.0122e-03 1.0000e+00
1.5426e-02 1.0389e+00 2.9157e-02 1.6188e-02 9.7158e-04 1.0000e+00
1.6915e-02 1.0333e+00 2.7035e-02 1.7679e-02 9.3229e-04 1.0000e+00
1.8404e-02 1.1618e+00 2.5946e-02 1.9167e-02 9.0028e-04 1.0000e+00
1.9894e-02 1.1113e+00 2.4430e-02 2.0647e-02 8.7140e-04 1.0000e+00
2.1383e-02 1.1570e+00 2.3411e-02 2.2130e-02 8.4124e-04 1.0000e+00
2.2872e-02 1.3296e+00 2.2801e-02 2.3621e-02 8.1404e-04 1.0000e+00
2.4362e-02 1.3046e+00 2.1986e-02 2.5110e-02 7.9389e-04 1.0000e+00
2.5851e-02 1.2309e+00 2.0936e-02 2.6600e-02 7.6859e-04 1.0000e+00
2.7340e-02 1.2672e+00 2.0594e-02 2.8089e-02 7.5439e-04 1.0000e+00
2.8830e-02 1.3864e+00 2.0131e-02 2.9579e-02 7.3111e-04 1.0000e+00
3.0319e-02 1.3725e+00 1.9851e-02 3.1075e-02 7.3907e-04 1.0000e+00
3.1809e-02 1.3477e+00 2.0418e-02 3.2544e-02 7.7062e-04 1.0000e+00
3.3298e-02 1.4070e+00 2.1185e-02 3.4020e-02 8.0450e-04 1.0000e+00
3.4787e-02 1.3460e+00 2.1644e-02 3.5518e-02 8.2958e-04 1.0000e+00
3.6277e-02 1.0970e+00 2.1880e-02 3.7013e-02 8.8563e-04 1.0000e+00
3.7766e-02 1.0016e+00 2.3627e-02 3.8474e-02 9.8745e-04 1.0000e+00
3.9255e-02 1.1220e+00 2.5638e-02 3.9971e-02 1.1390e-03 1.0000e+00
4.0745e-02 9.6373e-01 2.8190e-02 4.1465e-02 1.2743e-03 1.0000e+00
4.2234e-02 1.0692e+00 2.9884e-02 4.2962e-02 1.6494e-03 1.0000e+00
4.3723e-02 1.0343e+00 3.1416e-02 4.4422e-02 1.9598e-03 1.0000e+00
4.5213e-02 9.1244e-01 2.8357e-02 4.5920e-02 2.4863e-03 1.0000e+00
4.6702e-02 1.0526e+00 2.9631e-02 4.7478e-02 3.3570e-03 1.0000e+00
4.8191e-02 7.6573e-01 2.2506e-02 4.8808e-02 4.3465e-03 1.0000e+00
4.9681e-02 8.7301e-01 1.2174e-02 5.0422e-02 4.4496e-03 1.0000e+00
5.1170e-02 8.7989e-01 1.1148e-02 5.1946e-02 4.9291e-03 1.0000e+00
5.2660e-02 8.4079e-01 9.6224e-03 5.3322e-02 4.2974e-03 1.0000e+00
5.4149e-02 8.0726e-01 9.4025e-03 5.4962e-02 4.1511e-03 1.0000e+00
5.5638e-02 7.9959e-01 9.8281e-03 5.6423e-02 4.3687e-03 1.0000e+00
5.7128e-02 6.8966e-01 9.3510e-03 5.7842e-02 4.1991e-03 1.0000e+00
5.8617e-02 7.1520e-01 9.6129e-03 5.9360e-02 4.1523e-03 1.0000e+00
6.0106e-02 7.3571e-01 9.3631e-03 6.0835e-02 4.1069e-03 1.0000e+00
6.1596e-02 6.9388e-01 9.7864e-03 6.2339e-02 4.0778e-03 1.0000e+00
6.3085e-02 6.1999e-01 9.9867e-03 6.3836e-02 4.0492e-03 1.0000e+00
6.4574e-02 6.6708e-01 1.0326e-02 6.5319e-02 4.0785e-03 1.0000e+00
6.6064e-02 5.5971e-01 1.0773e-02 6.6747e-02 4.0217e-03 1.0000e+00
6.7553e-02 5.6922e-01 1.1015e-02 6.8303e-02 3.8633e-03 1.0000e+00
6.9043e-02 5.1974e-01 1.1928e-02 6.9787e-02 4.0654e-03 1.0000e+00
7.0532e-02 4.2897e-01 1.2045e-02 7.1203e-02 3.8518e-03 1.0000e+00
7.2021e-02 4.0275e-01 1.2269e-02 7.2823e-02 3.7686e-03 1.0000e+00
7.3511e-02 3.8191e-01 1.3870e-02 7.4221e-02 4.1111e-03 1.0000e+00
7.5000e-02 2.6647e-01 1.2780e-02 7.5695e-02 3.6484e-03 1.0000e+00
7.6489e-02 1.5181e-01 1.3650e-02 7.7298e-02 3.8293e-03 1.0000e+00
7.7979e-02 2.8415e-01 1.3892e-02 7.8650e-02 3.9044e-03 1.0000e+00
7.9468e-02 2.7600e-01 1.3200e-02 8.0196e-02 3.5885e-03 1.0000e+00
8.0957e-02 2.4945e-01 1.3444e-02 8.1771e-02 3.7040e-03 1.0000e+00
8.2447e-02 3.1698e-01 1.3459e-02 8.3184e-02 3.8311e-03 1.0000e+00
8.3936e-02 1.9610e-01 1.2964e-02 8.4657e-02 3.6515e-03 1.0000e+00
8.5426e-02 2.8817e-01 1.1961e-02 8.6174e-02 3.5904e-03 1.0000e+00
8.6915e-02 3.6602e-01 1.1923e-02 8.7667e-02 3.6523e-03 1.0000e+00
8.8404e-02 3.0189e-01 1.1554e-02 8.9140e-02 3.6017e-03 1.0000e+00
8.9894e-02 3.3564e-01 1.0516e-02 9.0668e-02 3.5624e-03 1.0000e+00
9.1383e-02 3.7408e-01 1.0694e-02 9.2075e-02 3.6968e-03 1.0000e+00
9.2872e-02 3.2538e-01 9.2093e-03 9.3587e-02 3.3919e-03 1.0000e+00
9.4362e-02 4.5780e-01 9.1414e-03 9.5163e-02 3.5447e-03 1.0000e+00
9.5851e-02 4.6455e-01 8.9116e-03 9.6543e-02 3.5647e-03 1.0000e+00
9.7340e-02 4.7196e-01 8.0788e-03 9.8094e-02 3.3935e-03 1.0000e+00
9.8830e-02 5.2000e-01 8.0538e-03 9.9553e-02 3.6054e-03 1.0000e+00
1.0032e-01 5.0485e-01 7.2627e-03 1.0097e-01 3.3614e-03 1.0000e+00
1.0181e-01 4.8283e-01 6.8813e-03 1.0259e-01 3.3300e-03 1.0000e+00
1.0330e-01 5.5467e-01 6.9330e-03 1.0403e-01 3.5291e-03 1.0000e+00
1.0479e-01 5.6872e-01 6.4689e-03 1.0548e-01 3.3230e-03 1.0000e+00
1.0628e-01 5.2895e-01 6.2693e-03 1.0703e-01 3.3397e-03 1.0000e+00
1.0777e-01 5.4502e-01 6.1796e-03 1.0844e-01 3.5307e-03 1.0000e+00
1.0926e-01 5.6628e-01 6.0944e-03 1.0996e-01 3.4761e-03 1.0000e+00
1.1074e-01 5.8184e-01 6.1592e-03 1.1147e-01 3.6201e-03 1.0000e+00
1.1223e-01 5.7494e-01 6.7717e-03 1.1291e-01 4.1574e-03 1.0000e+00
1.1372e-01 6.0397e-01 8.6674e-03 1.1442e-01 5.4701e-03 1.0000e+00
1.1521e-01 5.7389e-01 1.1011e-02 1.1591e-01 7.0480e-03 1.0000e+00
1.1670e-01 6.1051e-01 1.4999e-02 1.1737e-01 1.0803e-02 1.0000e+00
1.1819e-01 4.7306e-01 1.9865e-02 1.1868e-01 1.5280e-02 1.0000e+00
