 Q, I, DelI, Q_mean, Q_Unc, Shadow
5.0000e-03 -1.2201e+01 4.8946e-01 5.8714e-03 5.4190e-03 1.0000e+00
6.4894e-03 -3.2036e+00 2.7408e-01 7.2702e-03 4.4827e-03 1.0000e+00
7.9787e-03 -4.9193e-01 1.9782e-01 8.7224e-03 4.2642e-03 1.0000e+00
9.4681e-03 5.0681e-01 1.4186e-01 1.0262e-02 3.6933e-03 1.0000e+00
1.0957e-02 6.2861e-01 1.2318e-01 1.1713e-02 3.7614e-03 1.0000e+00
1.2447e-02 1.1090e+00 1.0250e-01 1.3179e-02 3.2579e-03 1.0000e+00
1.3936e-02 8.9071e-01 8.9875e-02 1.4726e-02 3.1305e-03 1.0000e+00
1.5426e-02 1.1527e+00 8.7372e-02 1.6218e-02 3.0915e-03 1.0000e+00
1.6915e-02 8.9317e-01 7.9431e-02 1.7664e-02 2.9481e-03 1.0000e+00
1.8404e-02 1.1339e+00 7.3702e-02 1.9150e-02 2.7388e-03 1.0000e+00
1.9894e-02 1.1833e+00 7.1559e-02 2.0673e-02 2.6621e-03 1.0000e+00
2.1383e-02 1.6605e+00 7.4502e-02 2.2144e-02 2.6627e-03 1.0000e+00
2.2872e-02 1.4408e+00 6.8446e-02 2.3600e-02 2.5266e-03 1.0000e+00
2.4362e-02 1.5895e+00 6.5094e-02 2.5123e-02 2.3738e-03 1.0000e+00
2.5851e-02 1.1811e+00 6.3661e-02 2.6609e-02 2.4286e-03 1.0000e+00
2.7340e-02 1.4216e+00 6.1417e-02 2.8081e-02 2.2922e-03 1.0000e+00
2.8830e-02 1.3442e+00 5.8647e-02 2.9601e-02 2.2182e-03 1.0000e+00
3.0319e-02 1.7454e+00 6.1590e-02 3.1086e-02 2.2331e-03 1.0000e+00
3.1809e-02 1.8823e+00 8.6640e-02 3.2581e-02 3.0613e-03 1.0000e+00
3.3298e-02 2.0107e+00 1.2695e-01 3.3659e-02 4.4979e-03 1.0000e+00
3.6277e-02 1.2794e+00 4.2509e-02 3.7678e-02 2.4002e-02 1.0000e+00
3.7766e-02 8.6170e-01 5.3908e-02 3.8072e-02 3.3944e-02 1.0000e+00
3.9255e-02 1.0336e+00 2.4291e-02 4.0248e-02 1.4475e-02 1.0000e+00
4.2234e-02 9.5825e-01 2.2776e-02 4.2790e-02 1.3860e-02 1.0000e+00
4.3723e-02 1.1437e+00 3.7361e-02 4.5125e-02 2.1475e-02 1.0000e+00
4.5213e-02 9.9472e-01 2.8328e-02 4.5455e-02 1.6977e-02 1.0000e+00
4.6702e-02 9.7887e-01 2.2213e-02 4.7837e-02 1.3320e-02 1.0000e+00
4.9681e-02 8.9617e-01 2.0516e-02 5.0421e-02 1.2402e-02 1.0000e+00
5.1170e-02 9.0534e-01 8.0154e-02 5.2619e-02 4.8037e-02 1.0000e+00
5.2660e-02 8.4339e-01 2.1042e-02 5.2949e-02 1.2839e-02 1.0000e+00
5.4149e-02 7.7779e-01 2.2468e-02 5.5342e-02 1.3869e-02 1.0000e+00
5.5638e-02 9.7165e-01 4.1210e-02 5.5843e-02 2.4023e-02 1.0000e+00
5.7128e-02 8.8999e-01 2.0251e-02 5.8005e-02 1.1654e-02 1.0000e+00
6.0106e-02 7.6084e-01 2.0265e-02 6.0509e-02 1.1656e-02 1.0000e+00
6.1596e-02 6.8691e-01 2.5974e-02 6.2856e-02 1.4493e-02 1.0000e+00
6.3085e-02 7.8421e-01 3.1586e-02 6.3412e-02 1.6995e-02 1.0000e+00
6.4574e-02 7.6066e-01 2.3041e-02 6.5520e-02 1.1660e-02 1.0000e+00
6.6064e-02 5.9409e-01 6.6573e-02 6.6209e-02 3.3996e-02 1.0000e+00
6.7553e-02 5.5604e-01 2.3368e-02 6.8096e-02 1.1031e-02 1.0000e+00
6.9043e-02 4.5226e-01 3.6910e-02 7.0346e-02 1.6031e-02 1.0000e+00
7.0532e-02 2.4153e-01 3.2886e-02 7.0866e-02 1.4501e-02 1.0000e+00
7.2021e-02 2.8227e-01 2.9201e-02 7.3036e-02 1.1666e-02 1.0000e+00
7.3511e-02 5.7098e-01 6.3412e-02 7.3713e-02 2.4052e-02 1.0000e+00
7.5000e-02 2.8422e-01 2.8485e-02 7.5666e-02 1.0499e-02 1.0000e+00
7.6489e-02 -3.8644e-02 4.4249e-02 7.7879e-02 1.6040e-02 1.0000e+00
7.7979e-02 1.5290e-01 3.6354e-02 7.8472e-02 1.2861e-02 1.0000e+00
7.9468e-02 8.7909e-02 3.3152e-02 8.0551e-02 1.1673e-02 1.0000e+00
8.0957e-02 4.5641e-03 5.5265e-02 8.1271e-02 1.9650e-02 1.0000e+00
8.2447e-02 9.7375e-02 2.9698e-02 8.3168e-02 1.0505e-02 1.0000e+00
8.3936e-02 2.9519e-01 4.7838e-02 8.4848e-02 1.7023e-02 1.0000e+00
8.5426e-02 8.3454e-02 2.9229e-02 8.5911e-02 1.0767e-02 1.0000e+00
8.6915e-02 -7.3119e-03 2.9846e-02 8.8061e-02 1.1681e-02 1.0000e+00
8.8404e-02 2.7383e-01 4.4175e-02 8.8798e-02 1.7029e-02 1.0000e+00
8.9894e-02 2.2302e-01 2.5480e-02 9.0668e-02 1.0512e-02 1.0000e+00
9.1383e-02 2.3388e-01 3.9585e-02 9.1884e-02 1.7034e-02 1.0000e+00
9.2872e-02 2.6273e-01 2.1505e-02 9.3401e-02 9.6373e-03 1.0000e+00
9.4362e-02 4.8147e-01 2.5680e-02 9.5548e-02 1.2049e-02 1.0000e+00
9.5851e-02 2.7647e-01 2.9046e-02 9.6297e-02 1.4533e-02 1.0000e+00
9.7340e-02 3.7095e-01 1.9914e-02 9.8162e-02 1.0520e-02 1.0000e+00
9.8830e-02 5.8200e-01 3.5261e-02 9.9032e-02 1.8223e-02 1.0000e+00
1.0032e-01 5.1807e-01 1.6424e-02 1.0087e-01 9.1133e-03 1.0000e+00
1.0181e-01 4.9318e-01 2.1697e-02 1.0291e-01 1.2891e-02 1.0000e+00
1.0330e-01 5.0412e-01 1.9905e-02 1.0372e-01 1.2059e-02 1.0000e+00
1.0479e-01 5.0140e-01 1.6462e-02 1.0565e-01 1.0529e-02 1.0000e+00
1.0628e-01 5.7936e-01 2.3949e-02 1.0660e-01 1.5259e-02 1.0000e+00
1.0777e-01 5.3180e-01 1.3375e-02 1.0837e-01 8.9621e-03 1.0000e+00
1.0926e-01 6.1317e-01 1.8505e-02 1.1035e-01 1.2464e-02 1.0000e+00
1.1074e-01 6.4633e-01 1.8535e-02 1.1119e-01 1.2465e-02 1.0000e+00
1.1223e-01 4.8756e-01 2.1039e-02 1.1307e-01 1.5270e-02 1.0000e+00
