3.5000e-03 -2.3786e+00 4.6518e-02 2.7630e-03 4.4950e-03 1.0000e+00
4.9936e-03 -5.0184e-01 1.3654e-02 1.7337e-03 5.8761e-03 1.0000e+00
6.4872e-03 -2.1863e-01 7.2377e-03 1.3516e-03 7.2406e-03 1.0000e+00
7.9808e-03 -3.4324e-02 4.5313e-03 1.1959e-03 8.7221e-03 1.0000e+00
9.4744e-03 -3.1455e-04 3.5709e-03 1.1417e-03 1.0241e-02 1.0000e+00
1.0968e-02 1.4093e-02 3.0610e-03 1.0960e-03 1.1724e-02 1.0000e+00
1.2462e-02 3.9252e-02 2.6675e-03 1.0204e-03 1.3212e-02 1.0000e+00
1.3955e-02 5.9654e-02 2.5050e-03 9.8868e-04 1.4715e-02 1.0000e+00
1.5449e-02 5.3677e-02 2.2724e-03 9.3964e-04 1.6212e-02 1.0000e+00
1.6942e-02 4.2465e-02 2.1306e-03 9.1279e-04 1.7702e-02 1.0000e+00
1.8436e-02 6.3847e-02 2.0512e-03 8.8450e-04 1.9181e-02 1.0000e+00
1.9929e-02 5.7119e-02 1.9595e-03 8.3417e-04 2.0686e-02 1.0000e+00
2.1423e-02 5.9982e-02 1.9324e-03 8.3358e-04 2.2184e-02 1.0000e+00
2.2917e-02 5.3489e-02 1.8441e-03 8.0099e-04 2.3659e-02 1.0000e+00
2.4410e-02 5.3349e-02 1.7816e-03 7.6723e-04 2.5162e-02 1.0000e+00
2.5904e-02 5.8883e-02 1.7825e-03 7.6507e-04 2.6659e-02 1.0000e+00
2.7397e-02 5.6665e-02 1.6819e-03 7.3503e-04 2.8148e-02 1.0000e+00
2.8891e-02 6.6819e-02 1.8068e-03 7.4311e-04 2.9635e-02 1.0000e+00
3.0385e-02 6.2510e-02 1.9647e-03 7.5369e-04 3.1120e-02 1.0000e+00
3.1878e-02 5.6330e-02 2.3447e-03 7.7972e-04 3.2616e-02 1.0000e+00
3.3372e-02 5.9262e-02 2.7730e-03 7.9849e-04 3.4099e-02 1.0000e+00
3.6359e-02 6.1800e-02 1.6970e-03 8.7330e-04 3.7092e-02 1.0000e+00
3.7853e-02 5.0782e-02 2.3026e-03 9.3582e-04 3.8577e-02 1.0000e+00
3.9346e-02 4.1903e-02 1.0511e-02 1.1289e-03 4.0078e-02 1.0000e+00
4.2333e-02 5.3932e-02 9.5159e-04 1.5714e-03 4.3053e-02 1.0000e+00
4.3827e-02 5.1424e-02 1.1074e-03 1.8458e-03 4.4559e-02 1.0000e+00
4.5321e-02 5.0694e-02 6.6623e-04 2.4537e-03 4.6027e-02 1.0000e+00
4.6814e-02 5.0872e-02 7.1997e-04 3.0601e-03 4.7581e-02 1.0000e+00
4.8308e-02 4.7443e-02 8.5517e-04 4.0121e-03 4.8950e-02 1.0000e+00
4.9801e-02 4.7855e-02 6.0395e-04 4.4307e-03 5.0530e-02 1.0000e+00
5.1295e-02 4.2659e-02 7.4859e-04 4.6664e-03 5.2144e-02 1.0000e+00
5.2788e-02 4.3744e-02 6.4611e-04 4.5000e-03 5.3476e-02 1.0000e+00
5.4282e-02 4.2862e-02 6.1985e-04 4.0467e-03 5.5083e-02 1.0000e+00
5.5776e-02 4.0742e-02 7.3217e-04 4.2813e-03 5.6593e-02 1.0000e+00
5.7269e-02 4.5367e-02 6.3488e-04 4.1519e-03 5.7960e-02 1.0000e+00
5.8763e-02 3.6950e-02 6.8029e-04 3.9247e-03 5.9519e-02 1.0000e+00
6.0256e-02 4.1874e-02 6.6401e-04 4.1220e-03 6.0992e-02 1.0000e+00
6.1750e-02 3.8470e-02 6.5210e-04 3.9386e-03 6.2451e-02 1.0000e+00
6.3244e-02 3.7354e-02 6.9548e-04 3.9129e-03 6.3983e-02 1.0000e+00
6.4737e-02 3.7300e-02 7.1797e-04 3.9934e-03 6.5486e-02 1.0000e+00
6.6231e-02 3.3354e-02 8.0417e-04 3.9400e-03 6.6894e-02 1.0000e+00
6.7724e-02 3.2016e-02 6.8016e-04 3.7108e-03 6.8459e-02 1.0000e+00
6.9218e-02 3.0786e-02 8.1701e-04 3.9408e-03 7.0011e-02 1.0000e+00
7.0712e-02 2.6287e-02 8.4512e-04 3.8396e-03 7.1385e-02 1.0000e+00
7.2205e-02 2.6699e-02 7.8094e-04 3.6795e-03 7.2975e-02 1.0000e+00
7.3699e-02 2.2776e-02 1.0279e-03 3.9555e-03 7.4430e-02 1.0000e+00
7.5192e-02 2.1345e-02 8.2775e-04 3.6381e-03 7.5857e-02 1.0000e+00
7.6686e-02 9.9326e-03 8.3950e-04 3.6702e-03 7.7472e-02 1.0000e+00
7.8179e-02 1.6780e-02 1.0277e-03 3.7939e-03 7.8897e-02 1.0000e+00
7.9673e-02 1.5739e-02 8.3227e-04 3.5689e-03 8.0394e-02 1.0000e+00
8.1167e-02 1.8193e-02 9.9521e-04 3.6611e-03 8.1952e-02 1.0000e+00
8.2660e-02 1.7418e-02 9.1790e-04 3.7377e-03 8.3362e-02 1.0000e+00
8.4154e-02 1.6409e-02 8.0923e-04 3.4944e-03 8.4859e-02 1.0000e+00
8.5647e-02 1.7335e-02 8.2233e-04 3.5611e-03 8.6410e-02 1.0000e+00
8.7141e-02 2.1211e-02 8.3796e-04 3.6524e-03 8.7868e-02 1.0000e+00
8.8635e-02 1.8453e-02 8.3953e-04 3.5052e-03 8.9314e-02 1.0000e+00
9.0128e-02 1.8588e-02 6.4780e-04 3.4079e-03 9.0897e-02 1.0000e+00
9.1622e-02 1.9529e-02 7.6157e-04 3.6127e-03 9.2376e-02 1.0000e+00
9.3115e-02 1.8335e-02 6.2746e-04 3.4176e-03 9.3810e-02 1.0000e+00
9.4609e-02 2.3719e-02 5.8382e-04 3.4095e-03 9.5401e-02 1.0000e+00
9.6103e-02 2.3058e-02 7.1154e-04 3.6145e-03 9.6782e-02 1.0000e+00
9.7596e-02 2.4194e-02 4.8599e-04 3.2445e-03 9.8299e-02 1.0000e+00
9.9090e-02 2.7728e-02 5.5365e-04 3.4027e-03 9.9907e-02 1.0000e+00
1.0058e-01 2.6762e-02 5.5303e-04 3.5093e-03 1.0127e-01 1.0000e+00
1.0208e-01 2.6075e-02 4.4347e-04 3.2316e-03 1.0281e-01 1.0000e+00
1.0357e-01 2.8667e-02 5.2875e-04 3.3793e-03 1.0435e-01 1.0000e+00
1.0506e-01 2.8249e-02 4.5896e-04 3.3550e-03 1.0576e-01 1.0000e+00
1.0656e-01 2.6344e-02 4.4872e-04 3.2333e-03 1.0731e-01 1.0000e+00
1.0805e-01 2.8777e-02 4.2783e-04 3.3011e-03 1.0881e-01 1.0000e+00
1.0954e-01 2.8305e-02 4.2467e-04 3.3249e-03 1.1026e-01 1.0000e+00
1.1104e-01 2.9411e-02 4.3930e-04 3.2279e-03 1.1174e-01 1.0000e+00
1.1253e-01 2.8862e-02 3.8119e-04 3.1858e-03 1.1329e-01 1.0000e+00
1.1403e-01 3.0115e-02 4.2888e-04 3.3347e-03 1.1472e-01 1.0000e+00
1.1552e-01 2.6714e-02 3.6518e-04 3.1008e-03 1.1621e-01 1.0000e+00
1.1701e-01 2.7685e-02 3.7961e-04 3.1604e-03 1.1781e-01 1.0000e+00
1.1851e-01 2.9498e-02 4.2112e-04 3.3052e-03 1.1919e-01 1.0000e+00
1.2000e-01 3.1163e-02 3.5256e-04 3.0169e-03 1.2073e-01 1.0000e+00
