Q, Struc, DelStruc, M_Parl_Sub, DelM_Parl_Sub, Q_Unc, Q_mean, Shadow
3.5000e-03 2.2467e+02 1.2360e+00 1.2460e+02 2.1053e+00 2.7630e-03 4.4950e-03 1.0000e+00
4.9936e-03 3.9927e+01 3.5797e-01 1.6850e+01 6.0431e-01 1.7337e-03 5.8761e-03 1.0000e+00
6.4872e-03 1.7067e+01 2.0423e-01 4.4011e+00 3.0612e-01 1.3516e-03 7.2406e-03 1.0000e+00
7.9808e-03 7.8805e+00 1.1715e-01 1.0354e+00 1.6548e-01 1.1959e-03 8.7221e-03 1.0000e+00
9.4744e-03 4.0568e+00 7.7535e-02 5.0552e-01 1.1594e-01 1.1417e-03 1.0241e-02 1.0000e+00
1.0968e-02 2.4754e+00 5.8148e-02 3.2303e-01 8.5733e-02 1.0960e-03 1.1724e-02 1.0000e+00
1.2462e-02 1.6040e+00 4.4492e-02 1.9631e-01 6.3810e-02 1.0204e-03 1.3212e-02 1.0000e+00
1.3955e-02 1.1327e+00 3.4304e-02 1.8757e-01 5.3392e-02 9.8868e-04 1.4715e-02 1.0000e+00
1.5449e-02 8.6881e-01 2.9123e-02 1.0850e-01 4.2104e-02 9.3964e-04 1.6212e-02 1.0000e+00
1.6942e-02 7.2861e-01 2.5611e-02 -1.1602e-02 3.6755e-02 9.1279e-04 1.7702e-02 1.0000e+00
1.8436e-02 5.7500e-01 2.1297e-02 -3.3123e-03 3.1725e-02 8.8450e-04 1.9181e-02 1.0000e+00
1.9929e-02 4.6890e-01 1.9013e-02 3.0855e-02 2.7467e-02 8.3417e-04 2.0686e-02 1.0000e+00
2.1423e-02 4.2741e-01 1.7764e-02 3.7308e-02 2.6687e-02 8.3358e-04 2.2184e-02 1.0000e+00
2.2917e-02 3.6880e-01 1.5438e-02 1.8854e-02 2.3211e-02 8.0099e-04 2.3659e-02 1.0000e+00
2.4410e-02 3.3414e-01 1.4634e-02 2.4320e-02 2.1479e-02 7.6723e-04 2.5162e-02 1.0000e+00
2.5904e-02 3.1931e-01 1.4238e-02 1.4740e-02 2.1211e-02 7.6507e-04 2.6659e-02 1.0000e+00
2.7397e-02 3.1135e-01 1.3153e-02 -1.5145e-02 1.8972e-02 7.3503e-04 2.8148e-02 1.0000e+00
2.8891e-02 2.8939e-01 1.2350e-02 6.8490e-03 1.9826e-02 7.4311e-04 2.9635e-02 1.0000e+00
3.0385e-02 2.6351e-01 1.1741e-02 2.2789e-02 2.0369e-02 7.5369e-04 3.1120e-02 1.0000e+00
3.1878e-02 2.6401e-01 1.5872e-02 7.4166e-03 2.2698e-02 7.7972e-04 3.2616e-02 1.0000e+00
3.3372e-02 2.7679e-01 2.1617e-02 -2.4863e-02 2.6099e-02 7.9849e-04 3.4099e-02 1.0000e+00
3.6359e-02 2.5827e-01 1.5928e-02 3.4242e-02 2.1995e-02 8.7330e-04 3.7092e-02 1.0000e+00
3.7853e-02 2.4576e-01 1.5515e-02 2.2403e-03 2.6252e-02 9.3582e-04 3.8577e-02 1.0000e+00
3.9346e-02 2.6213e-01 8.9746e-03 1.3595e-01 1.5449e-01 1.1289e-03 4.0078e-02 1.0000e+00
4.2333e-02 2.6400e-01 7.8430e-03 4.7034e-02 1.7545e-02 1.5714e-03 4.3053e-02 1.0000e+00
4.3827e-02 2.7683e-01 1.1753e-02 -6.4613e-04 2.1548e-02 1.8458e-03 4.4559e-02 1.0000e+00
4.5321e-02 2.7538e-01 9.1837e-03 2.7353e-03 1.2472e-02 2.4537e-03 4.6027e-02 1.0000e+00
4.6814e-02 2.7979e-01 8.8986e-03 1.7464e-02 1.3858e-02 3.0601e-03 4.7581e-02 1.0000e+00
4.8308e-02 2.7080e-01 1.2369e-02 2.5083e-02 1.6154e-02 4.0121e-03 4.8950e-02 1.0000e+00
4.9801e-02 3.0951e-01 8.2766e-03 2.0167e-03 1.2197e-02 4.4307e-03 5.0530e-02 1.0000e+00
5.1295e-02 3.3676e-01 1.1553e-02 1.8702e-02 1.5956e-02 4.6664e-03 5.2144e-02 1.0000e+00
5.2788e-02 3.1651e-01 8.8587e-03 3.1267e-02 1.3730e-02 4.5000e-03 5.3476e-02 1.0000e+00
5.4282e-02 3.7101e-01 9.8487e-03 2.1697e-02 1.3877e-02 4.0467e-03 5.5083e-02 1.0000e+00
5.5776e-02 3.8514e-01 1.2298e-02 2.5750e-02 1.6776e-02 4.2813e-03 5.6593e-02 1.0000e+00
5.7269e-02 4.3614e-01 9.8175e-03 -1.1850e-02 1.4675e-02 4.1519e-03 5.7960e-02 1.0000e+00
5.8763e-02 4.7630e-01 1.3129e-02 3.7201e-02 1.6988e-02 3.9247e-03 5.9519e-02 1.0000e+00
6.0256e-02 5.2499e-01 1.0502e-02 6.9132e-02 1.7097e-02 4.1220e-03 6.0992e-02 1.0000e+00
6.1750e-02 6.1869e-01 1.2052e-02 4.3542e-02 1.7526e-02 3.9386e-03 6.2451e-02 1.0000e+00
6.3244e-02 6.9688e-01 1.4585e-02 1.0032e-01 1.9435e-02 3.9129e-03 6.3983e-02 1.0000e+00
6.4737e-02 8.5971e-01 1.3406e-02 1.1242e-01 2.1445e-02 3.9934e-03 6.5486e-02 1.0000e+00
6.6231e-02 9.9563e-01 1.8948e-02 1.2401e-01 2.4514e-02 3.9400e-03 6.6894e-02 1.0000e+00
6.7724e-02 1.2252e+00 1.4588e-02 1.3216e-01 2.2080e-02 3.7108e-03 6.8459e-02 1.0000e+00
6.9218e-02 1.5061e+00 1.7769e-02 1.5255e-01 2.7467e-02 3.9408e-03 7.0011e-02 1.0000e+00
7.0712e-02 1.7421e+00 2.1478e-02 1.2699e-01 2.9273e-02 3.8396e-03 7.1385e-02 1.0000e+00
7.2205e-02 2.0424e+00 1.8836e-02 2.0640e-01 2.7989e-02 3.6795e-03 7.2975e-02 1.0000e+00
7.3699e-02 2.2566e+00 2.7445e-02 2.4514e-01 3.7399e-02 3.9555e-03 7.4430e-02 1.0000e+00
7.5192e-02 2.5008e+00 2.0369e-02 1.3771e-01 3.0460e-02 3.6381e-03 7.5857e-02 1.0000e+00
7.6686e-02 2.7588e+00 2.2318e-02 1.5065e-01 3.1793e-02 3.6702e-03 7.7472e-02 1.0000e+00
7.8179e-02 2.8075e+00 2.6363e-02 9.6371e-02 3.8261e-02 3.7939e-03 7.8897e-02 1.0000e+00
7.9673e-02 2.8989e+00 2.1459e-02 1.5734e-01 3.1476e-02 3.5689e-03 8.0394e-02 1.0000e+00
8.1167e-02 2.9194e+00 2.9897e-02 9.2465e-02 3.7344e-02 3.6611e-03 8.1952e-02 1.0000e+00
8.2660e-02 2.8317e+00 2.0438e-02 9.9286e-02 3.4478e-02 3.7377e-03 8.3362e-02 1.0000e+00
8.4154e-02 2.7402e+00 2.2241e-02 8.2348e-02 3.0543e-02 3.4944e-03 8.4859e-02 1.0000e+00
8.5647e-02 2.6177e+00 2.3376e-02 -5.2038e-02 3.0821e-02 3.5611e-03 8.6410e-02 1.0000e+00
8.7141e-02 2.3762e+00 1.8380e-02 3.4689e-02 3.1102e-02 3.6524e-03 8.7868e-02 1.0000e+00
8.8635e-02 2.1740e+00 2.4924e-02 3.3346e-02 3.0622e-02 3.5052e-03 8.9314e-02 1.0000e+00
9.0128e-02 2.0362e+00 1.6410e-02 -1.1556e-01 2.3613e-02 3.4079e-03 9.0897e-02 1.0000e+00
9.1622e-02 1.6916e+00 1.7091e-02 7.2854e-02 2.7029e-02 3.6127e-03 9.2376e-02 1.0000e+00
9.3115e-02 1.5408e+00 1.6686e-02 -1.9805e-02 2.1799e-02 3.4176e-03 9.3810e-02 1.0000e+00
9.4609e-02 1.3384e+00 1.3522e-02 -5.2907e-02 1.9717e-02 3.4095e-03 9.5401e-02 1.0000e+00
9.6103e-02 1.1862e+00 1.7108e-02 -4.4690e-02 2.3195e-02 3.6145e-03 9.6782e-02 1.0000e+00
9.7596e-02 9.9576e-01 1.0724e-02 -2.0773e-02 1.5308e-02 3.2445e-03 9.8299e-02 1.0000e+00
9.9090e-02 8.2796e-01 1.2179e-02 -5.1702e-04 1.6675e-02 3.4027e-03 9.9907e-02 1.0000e+00
1.0058e-01 7.3970e-01 1.0838e-02 -1.3042e-02 1.6201e-02 3.5093e-03 1.0127e-01 1.0000e+00
1.0208e-01 6.1194e-01 8.8377e-03 -5.2822e-03 1.2218e-02 3.2316e-03 1.0281e-01 1.0000e+00
1.0357e-01 5.5118e-01 1.1009e-02 -3.5575e-02 1.4027e-02 3.3793e-03 1.0435e-01 1.0000e+00
1.0506e-01 4.6373e-01 7.1576e-03 -4.3908e-03 1.1652e-02 3.3550e-03 1.0576e-01 1.0000e+00
1.0656e-01 3.9271e-01 8.4122e-03 -4.0647e-03 1.0819e-02 3.2333e-03 1.0731e-01 1.0000e+00
1.0805e-01 3.4932e-01 6.9073e-03 -2.7715e-02 9.7062e-03 3.3011e-03 1.0881e-01 1.0000e+00
1.0954e-01 3.0179e-01 6.2142e-03 6.4954e-03 9.4060e-03 3.3249e-03 1.1026e-01 1.0000e+00
1.1104e-01 2.7545e-01 7.2166e-03 -1.5177e-02 9.1057e-03 3.2279e-03 1.1174e-01 1.0000e+00
1.1253e-01 2.4597e-01 5.1350e-03 -1.3846e-03 7.7437e-03 3.1858e-03 1.1329e-01 1.0000e+00
1.1403e-01 2.2094e-01 6.0213e-03 -2.8663e-03 8.2825e-03 3.3347e-03 1.1472e-01 1.0000e+00
1.1552e-01 2.1662e-01 5.0092e-03 -4.5140e-03 7.0533e-03 3.1008e-03 1.1621e-01 1.0000e+00
1.1701e-01 2.0172e-01 5.0644e-03 -4.4979e-03 7.1021e-03 3.1604e-03 1.1781e-01 1.0000e+00
1.1851e-01 2.0000e-01 5.6148e-03 -1.2822e-02 7.7183e-03 3.3052e-03 1.1919e-01 1.0000e+00
1.2000e-01 1.9355e-01 4.4761e-03 -2.5777e-03 6.4172e-03 3.0169e-03 1.2073e-01 1.0000e+00
