Q, Struc, DelStruc, M_Perp, DelM_Perp, M_Parl_NSF, DelM_Parl_NSF, M_Parl_NSFVert, DelM_Parl_NSFVert, M_Parl_SF, DelM_Parl_SF, Q_Unc, Q_mean, Shadow
3.5000e-03 2.4360e+02 2.6842e-01 -2.3786e+00 4.6518e-02 8.1197e+00 4.7612e-02 5.2262e+00 3.0638e-02 -6.6282e-01 5.3509e-02 2.7630e-03 4.4950e-03 1.0000e+00
4.9936e-03 4.3536e+01 7.8662e-02 -5.0184e-01 1.3654e-02 1.1519e+00 1.2229e-02 8.0379e-01 8.5324e-03 -2.0633e-01 1.6596e-02 1.7337e-03 5.8761e-03 1.0000e+00
6.4872e-03 1.8580e+01 4.5028e-02 -2.1863e-01 7.2377e-03 3.6184e-01 4.8941e-03 2.8832e-01 3.8988e-03 3.4358e-03 8.3080e-03 1.3516e-03 7.2406e-03 1.0000e+00
7.9808e-03 8.6416e+00 2.6114e-02 -3.4324e-02 4.5313e-03 1.5002e-01 2.3999e-03 1.3225e-01 2.1150e-03 1.6814e-02 5.2542e-03 1.1959e-03 8.7221e-03 1.0000e+00
9.4744e-03 4.5203e+00 1.7608e-02 -3.1455e-04 3.5709e-03 7.3113e-02 1.6957e-03 6.7365e-02 1.5623e-03 3.5473e-02 4.0607e-03 1.1417e-03 1.0241e-02 1.0000e+00
1.0968e-02 2.5968e+00 1.3069e-02 1.4093e-02 3.0610e-03 4.9308e-02 1.3535e-03 4.2577e-02 1.1685e-03 6.8893e-02 3.4878e-03 1.0960e-03 1.1724e-02 1.0000e+00
1.2462e-02 1.7969e+00 1.0394e-02 3.9252e-02 2.6675e-03 3.2369e-02 9.6882e-04 3.0158e-02 9.0245e-04 4.6260e-02 3.0476e-03 1.0204e-03 1.3212e-02 1.0000e+00
1.3955e-02 1.1977e+00 8.0267e-03 5.9654e-02 2.5050e-03 2.6156e-02 9.2978e-04 2.3530e-02 8.3645e-04 5.9266e-02 2.8288e-03 9.8868e-04 1.4715e-02 1.0000e+00
1.5449e-02 8.6587e-01 6.7763e-03 5.3677e-02 2.2724e-03 1.7791e-02 6.8709e-04 1.5503e-02 5.9854e-04 4.4901e-02 2.5843e-03 9.3964e-04 1.6212e-02 1.0000e+00
1.6942e-02 7.3577e-01 6.0407e-03 4.2465e-02 2.1306e-03 8.3569e-03 4.6576e-04 7.8442e-03 4.3716e-04 6.1707e-02 2.4334e-03 9.1279e-04 1.7702e-02 1.0000e+00
1.8436e-02 5.7893e-01 5.1727e-03 6.3847e-02 2.0512e-03 7.7497e-03 4.5348e-04 7.3810e-03 4.3192e-04 4.9804e-02 2.3253e-03 8.8450e-04 1.9181e-02 1.0000e+00
1.9929e-02 4.6942e-01 4.6693e-03 5.7119e-02 1.9595e-03 8.0051e-03 4.3515e-04 7.1856e-03 3.9053e-04 5.3995e-02 2.2179e-03 8.3417e-04 2.0686e-02 1.0000e+00
2.1423e-02 4.2574e-01 4.3891e-03 5.9982e-02 1.9324e-03 6.0914e-03 3.7594e-04 6.4295e-03 3.9686e-04 5.9579e-02 2.1840e-03 8.3358e-04 2.2184e-02 1.0000e+00
2.2917e-02 3.5735e-01 3.9174e-03 5.3489e-02 1.8441e-03 6.1192e-03 3.8870e-04 5.5389e-03 3.5183e-04 6.0954e-02 2.0893e-03 8.0099e-04 2.3659e-02 1.0000e+00
2.4410e-02 3.3242e-01 3.7945e-03 5.3349e-02 1.7816e-03 5.3414e-03 3.4136e-04 4.9686e-03 3.1749e-04 6.6923e-02 2.0136e-03 7.6723e-04 2.5162e-02 1.0000e+00
2.5904e-02 3.1905e-01 3.6919e-03 5.8883e-02 1.7825e-03 4.9395e-03 3.3644e-04 4.7316e-03 3.2228e-04 5.4147e-02 2.0011e-03 7.6507e-04 2.6659e-02 1.0000e+00
2.7397e-02 2.9225e-01 3.3907e-03 5.6665e-02 1.6819e-03 4.1920e-03 2.8702e-04 4.2146e-03 2.8857e-04 5.6258e-02 1.8992e-03 7.3503e-04 2.8148e-02 1.0000e+00
2.8891e-02 2.7666e-01 3.1950e-03 6.6819e-02 1.8068e-03 4.7460e-03 3.5352e-04 4.5818e-03 3.4138e-04 6.1853e-02 1.9973e-03 7.4311e-04 2.9635e-02 1.0000e+00
3.0385e-02 2.9196e-01 3.2515e-03 6.2510e-02 1.9647e-03 1.5062e-03 2.1808e-04 1.4687e-03 2.1268e-04 5.6271e-02 2.1351e-03 7.5369e-04 3.1120e-02 1.0000e+00
3.1878e-02 2.7385e-01 4.3865e-03 5.6330e-02 2.3447e-03 5.4156e-03 4.3809e-04 5.1649e-03 4.1776e-04 5.0370e-02 2.4827e-03 7.7972e-04 3.2616e-02 1.0000e+00
3.3372e-02 2.7494e-01 5.8810e-03 5.9262e-02 2.7730e-03 5.0693e-03 3.8390e-04 5.0285e-03 3.8029e-04 5.7568e-02 2.8826e-03 7.9849e-04 3.4099e-02 1.0000e+00
3.6359e-02 2.3735e-01 3.4874e-03 6.1800e-02 1.6970e-03 5.1818e-03 3.9803e-04 4.6381e-03 3.5624e-04 5.1166e-02 1.8613e-03 8.7330e-04 3.7092e-02 1.0000e+00
3.7853e-02 2.6163e-01 3.6230e-03 5.0782e-02 2.3026e-03 2.5224e-03 3.9483e-04 2.5180e-03 3.9427e-04 6.1008e-02 2.4214e-03 9.3582e-04 3.8577e-02 1.0000e+00
3.9346e-02 2.4455e-01 1.9894e-03 4.1903e-02 1.0511e-02 2.4472e-03 1.9928e-03 2.8429e-03 2.3169e-03 5.7003e-02 1.0540e-02 1.1289e-03 4.0078e-02 1.0000e+00
4.2333e-02 2.6203e-01 1.7733e-03 5.3932e-02 9.5159e-04 5.8355e-03 3.6647e-04 5.3819e-03 3.3826e-04 5.1637e-02 1.2696e-03 1.5714e-03 4.3053e-02 1.0000e+00
4.3827e-02 2.6768e-01 2.5823e-03 5.1424e-02 1.1074e-03 5.4899e-03 4.1654e-04 5.0167e-03 3.8085e-04 6.0334e-02 1.4368e-03 1.8458e-03 4.4559e-02 1.0000e+00
4.5321e-02 2.8245e-01 2.0699e-03 5.0694e-02 6.6623e-04 5.3055e-03 1.8597e-04 5.2457e-03 1.8383e-04 4.6052e-02 1.2688e-03 2.4537e-03 4.6027e-02 1.0000e+00
4.6814e-02 2.8974e-01 2.0301e-03 5.0872e-02 7.1997e-04 6.5119e-03 2.5417e-04 6.0513e-03 2.3624e-04 5.4138e-02 1.5079e-03 3.0601e-03 4.7581e-02 1.0000e+00
4.8308e-02 3.0507e-01 2.8789e-03 4.7443e-02 8.5517e-04 6.6277e-03 2.4869e-04 6.3095e-03 2.3657e-04 2.3797e-02 1.8752e-03 4.0121e-03 4.8950e-02 1.0000e+00
4.9801e-02 3.2274e-01 1.8630e-03 4.7855e-02 6.0395e-04 5.8805e-03 1.9575e-04 5.5749e-03 1.8559e-04 3.1092e-02 1.4265e-03 4.4307e-03 5.0530e-02 1.0000e+00
5.1295e-02 3.3267e-01 2.5272e-03 4.2659e-02 7.4859e-04 9.1829e-03 2.8467e-04 8.3934e-03 2.6008e-04 4.3475e-02 8.9840e-04 4.6664e-03 5.2144e-02 1.0000e+00
5.2788e-02 3.5663e-01 2.0667e-03 4.3744e-02 6.4611e-04 7.4967e-03 2.4091e-04 7.2547e-03 2.3318e-04 4.3151e-02 7.8362e-04 4.5000e-03 5.3476e-02 1.0000e+00
5.4282e-02 3.8910e-01 2.1887e-03 4.2862e-02 6.1985e-04 7.0453e-03 2.0694e-04 6.6430e-03 1.9510e-04 4.2737e-02 7.5479e-04 4.0467e-03 5.5083e-02 1.0000e+00
5.5776e-02 4.1871e-01 2.7568e-03 4.0742e-02 7.3217e-04 1.0360e-02 2.9050e-04 9.3357e-03 2.6166e-04 4.1415e-02 8.2878e-04 4.2813e-03 5.6593e-02 1.0000e+00
5.7269e-02 4.6740e-01 2.1900e-03 4.5367e-02 6.3488e-04 9.0445e-03 2.4886e-04 8.4691e-03 2.3306e-04 3.6710e-02 7.4505e-04 4.1519e-03 5.7960e-02 1.0000e+00
5.8763e-02 5.1257e-01 2.9227e-03 3.6950e-02 6.8029e-04 1.4551e-02 2.8971e-04 1.2944e-02 2.5741e-04 3.4930e-02 7.7264e-04 3.9247e-03 5.9519e-02 1.0000e+00
6.0256e-02 5.7335e-01 2.3560e-03 4.1874e-02 6.6401e-04 1.9530e-02 3.9922e-04 1.6486e-02 3.3708e-04 3.6221e-02 7.6443e-04 4.1220e-03 6.0992e-02 1.0000e+00
6.1750e-02 7.0351e-01 2.7142e-03 3.8470e-02 6.5210e-04 1.7722e-02 3.1894e-04 1.6908e-02 3.0430e-04 4.2063e-02 7.5042e-04 3.9386e-03 6.2451e-02 1.0000e+00
6.3244e-02 7.9688e-01 3.2924e-03 3.7354e-02 6.9548e-04 2.2558e-02 3.4579e-04 1.9526e-02 2.9902e-04 4.3235e-02 7.9921e-04 3.9129e-03 6.3983e-02 1.0000e+00
6.4737e-02 9.8224e-01 3.0007e-03 3.7300e-02 7.1797e-04 2.5648e-02 4.3203e-04 2.2051e-02 3.7150e-04 3.8328e-02 8.2442e-04 3.9934e-03 6.5486e-02 1.0000e+00
6.6231e-02 1.1580e+00 4.2780e-03 3.3354e-02 8.0417e-04 3.1837e-02 4.1221e-04 2.8041e-02 3.6261e-04 4.2274e-02 8.9595e-04 3.9400e-03 6.6894e-02 1.0000e+00
6.7724e-02 1.4166e+00 3.2650e-03 3.2016e-02 6.8016e-04 4.3327e-02 4.7221e-04 3.6768e-02 4.0071e-04 4.5753e-02 8.0202e-04 3.7108e-03 6.8459e-02 1.0000e+00
6.9218e-02 1.8086e+00 4.0405e-03 3.0786e-02 8.1701e-04 4.9388e-02 5.5631e-04 4.4687e-02 5.0344e-04 3.9706e-02 9.1786e-04 3.9408e-03 7.0011e-02 1.0000e+00
7.0712e-02 2.0553e+00 4.8282e-03 2.6287e-02 8.4512e-04 5.4674e-02 5.2040e-04 5.0061e-02 4.7624e-04 4.5234e-02 9.5960e-04 3.8396e-03 7.1385e-02 1.0000e+00
7.2205e-02 2.4152e+00 4.2345e-03 2.6699e-02 7.8094e-04 6.3660e-02 5.2990e-04 5.8716e-02 4.8875e-04 5.0779e-02 8.9831e-04 3.6795e-03 7.2975e-02 1.0000e+00
7.3699e-02 2.6692e+00 6.1664e-03 2.2776e-02 1.0279e-03 7.1425e-02 6.5891e-04 6.4665e-02 5.9619e-04 4.7360e-02 1.1227e-03 3.9555e-03 7.4430e-02 1.0000e+00
7.5192e-02 2.9564e+00 4.5665e-03 2.1345e-02 8.2775e-04 7.6056e-02 5.7755e-04 7.1637e-02 5.4406e-04 4.4822e-02 9.5161e-04 3.6381e-03 7.5857e-02 1.0000e+00
7.6686e-02 3.2576e+00 4.9983e-03 9.9326e-03 8.3950e-04 7.9627e-02 5.6173e-04 7.5211e-02 5.3051e-04 5.0310e-02 9.6691e-04 3.6702e-03 7.7472e-02 1.0000e+00
7.8179e-02 3.3712e+00 5.9590e-03 1.6780e-02 1.0277e-03 8.2324e-02 6.9460e-04 7.9002e-02 6.6659e-04 5.0124e-02 1.1208e-03 3.7939e-03 7.8897e-02 1.0000e+00
7.9673e-02 3.4245e+00 4.8069e-03 1.5739e-02 8.3227e-04 8.5325e-02 5.7158e-04 8.2094e-02 5.4997e-04 5.3872e-02 9.7109e-04 3.5689e-03 8.0394e-02 1.0000e+00
8.1167e-02 3.4623e+00 6.7057e-03 1.8193e-02 9.9521e-04 7.9067e-02 5.3380e-04 7.7668e-02 5.2372e-04 5.0899e-02 1.0947e-03 3.6611e-03 8.1952e-02 1.0000e+00
8.2660e-02 3.3762e+00 4.6013e-03 1.7418e-02 9.1790e-04 7.8771e-02 6.6803e-04 7.7513e-02 6.5776e-04 4.9856e-02 1.0325e-03 3.7377e-03 8.3362e-02 1.0000e+00
8.4154e-02 3.2072e+00 4.9622e-03 1.6409e-02 8.0923e-04 7.2536e-02 4.9368e-04 7.1320e-02 4.8527e-04 4.4957e-02 9.1552e-04 3.4944e-03 8.4859e-02 1.0000e+00
8.5647e-02 3.0662e+00 5.2155e-03 1.7335e-02 8.2233e-04 6.4115e-02 4.5787e-04 6.5677e-02 4.6883e-04 4.6698e-02 9.3607e-04 3.5611e-03 8.6410e-02 1.0000e+00
8.7141e-02 2.7801e+00 4.1021e-03 2.1211e-02 8.3796e-04 6.1160e-02 5.8171e-04 6.1360e-02 5.8398e-04 4.4470e-02 9.3336e-04 3.6524e-03 8.7868e-02 1.0000e+00
8.8635e-02 2.5668e+00 5.5976e-03 1.8453e-02 8.3953e-04 5.7931e-02 4.2094e-04 5.8113e-02 4.2167e-04 3.8757e-02 9.2473e-04 3.5052e-03 8.9314e-02 1.0000e+00
9.0128e-02 2.3074e+00 3.6101e-03 1.8588e-02 6.4780e-04 4.6595e-02 3.7927e-04 4.8396e-02 3.9401e-04 4.3988e-02 7.5456e-04 3.4079e-03 9.0897e-02 1.0000e+00
9.1622e-02 2.0095e+00 3.8550e-03 1.9529e-02 7.6157e-04 4.5191e-02 4.9194e-04 4.4930e-02 4.8931e-04 3.6939e-02 8.4006e-04 3.6127e-03 9.2376e-02 1.0000e+00
9.3115e-02 1.8004e+00 3.7394e-03 1.8335e-02 6.2746e-04 3.7676e-02 3.1912e-04 3.8785e-02 3.2835e-04 3.9018e-02 7.1729e-04 3.4176e-03 9.3810e-02 1.0000e+00
9.4609e-02 1.5199e+00 2.9913e-03 2.3719e-02 5.8382e-04 3.2821e-02 3.3143e-04 3.3886e-02 3.4227e-04 3.4633e-02 6.6700e-04 3.4095e-03 9.5401e-02 1.0000e+00
9.6103e-02 1.3430e+00 3.7921e-03 2.3058e-02 7.1154e-04 3.0059e-02 3.7155e-04 3.0508e-02 3.7702e-04 3.8212e-02 7.7576e-04 3.6145e-03 9.6782e-02 1.0000e+00
9.7596e-02 1.1512e+00 2.4087e-03 2.4194e-02 4.8599e-04 2.4467e-02 2.5165e-04 2.5283e-02 2.6007e-04 3.5741e-02 5.6991e-04 3.2445e-03 9.8299e-02 1.0000e+00
9.9090e-02 9.4458e-01 2.7302e-03 2.7728e-02 5.5365e-04 2.0703e-02 2.6462e-04 2.1038e-02 2.6885e-04 3.2732e-02 6.1676e-04 3.4027e-03 9.9907e-02 1.0000e+00
1.0058e-01 8.4887e-01 2.4321e-03 2.6762e-02 5.5303e-04 1.9160e-02 2.8725e-04 1.9598e-02 2.9391e-04 3.1401e-02 6.1415e-04 3.5093e-03 1.0127e-01 1.0000e+00
1.0208e-01 6.9315e-01 1.9907e-03 2.6075e-02 4.4347e-04 1.5746e-02 2.0338e-04 1.5769e-02 2.0367e-04 2.9528e-02 5.1141e-04 3.2316e-03 1.0281e-01 1.0000e+00
1.0357e-01 6.0912e-01 2.4602e-03 2.8667e-02 5.2875e-04 1.2033e-02 1.9380e-04 1.2760e-02 2.0539e-04 2.9482e-02 5.8215e-04 3.3793e-03 1.0435e-01 1.0000e+00
1.0506e-01 5.0164e-01 1.5933e-03 2.8249e-02 4.5896e-04 1.1052e-02 2.1542e-04 1.1058e-02 2.1564e-04 2.8716e-02 5.1402e-04 3.3550e-03 1.0576e-01 1.0000e+00
1.0656e-01 4.3361e-01 1.8991e-03 2.6344e-02 4.4872e-04 9.8821e-03 1.6556e-04 9.8506e-03 1.6491e-04 2.8305e-02 5.0193e-04 3.2333e-03 1.0731e-01 1.0000e+00
1.0805e-01 3.7903e-01 1.5574e-03 2.8777e-02 4.2783e-04 7.1129e-03 1.5344e-04 7.2509e-03 1.5643e-04 2.9054e-02 4.8322e-04 3.3011e-03 1.0881e-01 1.0000e+00
1.0954e-01 3.2083e-01 1.4050e-03 2.8305e-02 4.2467e-04 8.0814e-03 1.8110e-04 7.6675e-03 1.7186e-04 2.9103e-02 4.7562e-04 3.3249e-03 1.1026e-01 1.0000e+00
1.1104e-01 2.8575e-01 1.6262e-03 2.9411e-02 4.3930e-04 6.4172e-03 1.3875e-04 6.1131e-03 1.3206e-04 2.8770e-02 4.8722e-04 3.2279e-03 1.1174e-01 1.0000e+00
1.1253e-01 2.6626e-01 1.1804e-03 2.8862e-02 3.8119e-04 5.9979e-03 1.4134e-04 6.0740e-03 1.4318e-04 2.9482e-02 4.3253e-04 3.1858e-03 1.1329e-01 1.0000e+00
1.1403e-01 2.4443e-01 1.3998e-03 3.0115e-02 4.2888e-04 4.9892e-03 1.3480e-04 5.0320e-03 1.3595e-04 2.7171e-02 4.7452e-04 3.3347e-03 1.1472e-01 1.0000e+00
1.1552e-01 2.2986e-01 1.1590e-03 2.6714e-02 3.6518e-04 5.5729e-03 1.2887e-04 5.3566e-03 1.2385e-04 2.8116e-02 4.1510e-04 3.1008e-03 1.1621e-01 1.0000e+00
1.1701e-01 2.1968e-01 1.1901e-03 2.7685e-02 3.7961e-04 4.3317e-03 1.1916e-04 4.2010e-03 1.1556e-04 2.7978e-02 4.2730e-04 3.1604e-03 1.1781e-01 1.0000e+00
1.1851e-01 2.0378e-01 1.2798e-03 2.9498e-02 4.2112e-04 4.1440e-03 1.2914e-04 3.8831e-03 1.2100e-04 2.9332e-02 4.6203e-04 3.3052e-03 1.1919e-01 1.0000e+00
1.2000e-01 1.9767e-01 1.0234e-03 3.1163e-02 3.5256e-04 4.0377e-03 1.0920e-04 3.8414e-03 1.0389e-04 2.9041e-02 4.0477e-04 3.0169e-03 1.2073e-01 1.0000e+00
