Q, UU, DelUU, DU, DelDU, DD, DelDD, UD, DelUD, Q_Unc, Q_mean, Shadow
3.5000e-03 2.8952e+02 4.6008e-01 -1.5812e+00 5.4812e-02 4.6742e+02 5.7551e-01 -1.1408e+00 5.1629e-02 2.7630e-03 4.4950e-03 1.0000e+00
4.9936e-03 4.8229e+01 1.3346e-01 -3.4659e-01 1.5711e-02 7.6556e+01 1.6530e-01 -2.8909e-01 1.4971e-02 1.7337e-03 5.8761e-03 1.0000e+00
6.4872e-03 1.8132e+01 6.2481e-02 -1.5770e-01 7.4438e-03 2.8503e+01 7.6913e-02 -1.1382e-01 7.1500e-03 1.3516e-03 7.2406e-03 1.0000e+00
7.9808e-03 7.5258e+00 3.2339e-02 -1.9925e-02 4.3872e-03 1.2080e+01 4.0029e-02 -2.7617e-02 4.1313e-03 1.1959e-03 8.7221e-03 1.0000e+00
9.4744e-03 3.7563e+00 2.3676e-02 -2.8212e-02 3.3567e-03 6.0558e+00 2.9311e-02 7.0132e-03 3.5187e-03 1.1417e-03 1.0241e-02 1.0000e+00
1.0968e-02 2.2917e+00 1.7437e-02 -5.6044e-04 2.8778e-03 3.7230e+00 2.1590e-02 -1.6458e-03 2.8601e-03 1.0960e-03 1.1724e-02 1.0000e+00
1.2462e-02 1.4463e+00 1.2803e-02 9.5152e-03 2.3586e-03 2.4110e+00 1.5873e-02 1.5206e-02 2.4171e-03 1.0204e-03 1.3212e-02 1.0000e+00
1.3955e-02 9.7731e-01 1.1073e-02 2.4809e-02 2.4871e-03 1.6853e+00 1.3906e-02 2.9492e-02 2.3817e-03 9.8868e-04 1.4715e-02 1.0000e+00
1.5449e-02 7.4543e-01 8.4738e-03 2.6789e-02 2.1112e-03 1.2419e+00 1.0561e-02 2.1022e-02 2.0271e-03 9.3964e-04 1.6212e-02 1.0000e+00
1.6942e-02 6.2703e-01 7.9418e-03 3.4709e-02 2.0631e-03 9.4069e-01 9.4613e-03 2.0360e-02 2.0149e-03 9.1279e-04 1.7702e-02 1.0000e+00
1.8436e-02 4.7389e-01 7.1651e-03 3.3638e-02 1.9563e-03 7.4182e-01 8.4488e-03 2.1202e-02 1.9684e-03 8.8450e-04 1.9181e-02 1.0000e+00
1.9929e-02 4.0035e-01 6.0241e-03 2.9024e-02 1.7945e-03 6.4556e-01 7.2356e-03 2.6921e-02 1.8506e-03 8.3417e-04 2.0686e-02 1.0000e+00
2.1423e-02 3.0150e-01 5.7347e-03 2.6949e-02 1.8226e-03 5.0520e-01 6.7822e-03 2.2939e-02 1.8569e-03 8.3358e-04 2.2184e-02 1.0000e+00
2.2917e-02 3.0126e-01 5.4382e-03 2.7045e-02 1.7547e-03 4.8831e-01 6.3939e-03 2.2209e-02 1.7724e-03 8.0099e-04 2.3659e-02 1.0000e+00
2.4410e-02 2.7309e-01 4.9095e-03 2.2932e-02 1.6824e-03 4.4164e-01 5.8136e-03 1.9931e-02 1.7284e-03 7.6723e-04 2.5162e-02 1.0000e+00
2.5904e-02 2.5367e-01 4.9552e-03 3.5008e-02 1.7395e-03 4.1247e-01 5.8165e-03 2.3592e-02 1.6871e-03 7.6507e-04 2.6659e-02 1.0000e+00
2.7397e-02 2.2068e-01 4.3670e-03 2.6859e-02 1.5936e-03 3.6069e-01 5.1762e-03 2.9339e-02 1.6299e-03 7.3503e-04 2.8148e-02 1.0000e+00
2.8891e-02 2.1410e-01 4.9854e-03 4.1630e-02 1.8705e-03 3.5905e-01 5.7742e-03 3.7013e-02 1.9214e-03 7.4311e-04 2.9635e-02 1.0000e+00
3.0385e-02 2.5747e-01 5.7180e-03 1.7087e-02 2.1028e-03 3.4136e-01 6.4052e-03 3.8453e-02 2.2065e-03 7.5369e-04 3.1120e-02 1.0000e+00
3.1878e-02 2.1012e-01 5.7761e-03 2.4594e-02 2.2762e-03 3.6416e-01 6.6396e-03 2.9792e-02 2.3560e-03 7.7972e-04 3.2616e-02 1.0000e+00
3.3372e-02 2.0251e-01 5.2261e-03 2.6523e-02 2.1307e-03 3.5184e-01 6.0262e-03 2.4595e-02 2.1794e-03 7.9849e-04 3.4099e-02 1.0000e+00
3.6359e-02 1.9504e-01 4.9371e-03 2.8770e-02 2.0082e-03 3.3532e-01 5.7918e-03 3.4809e-02 1.9764e-03 8.7330e-04 3.7092e-02 1.0000e+00
3.7853e-02 2.1071e-01 7.4959e-03 1.8865e-02 2.9439e-03 3.1347e-01 8.5498e-03 2.6887e-02 3.0264e-03 9.3582e-04 3.8577e-02 1.0000e+00
3.9346e-02 2.5945e-01 4.3518e-02 -5.0553e-02 1.3027e-02 1.6159e-01 3.5790e-02 8.1316e-02 1.6468e-02 1.1289e-03 4.0078e-02 1.0000e+00
4.2333e-02 2.0590e-01 4.3463e-03 2.2722e-02 1.1905e-03 3.6231e-01 5.4147e-03 2.8893e-02 1.2047e-03 1.5714e-03 4.3053e-02 1.0000e+00
4.3827e-02 2.1626e-01 5.1178e-03 1.9627e-02 1.2959e-03 3.6960e-01 6.4357e-03 1.9402e-02 1.2679e-03 1.8458e-03 4.4559e-02 1.0000e+00
4.5321e-02 2.0825e-01 2.3891e-03 2.3616e-02 6.4264e-04 3.6310e-01 2.9970e-03 2.1183e-02 6.2571e-04 2.4537e-03 4.6027e-02 1.0000e+00
4.6814e-02 2.2492e-01 2.9563e-03 2.3170e-02 7.6242e-04 3.9867e-01 3.7695e-03 2.3777e-02 7.6283e-04 3.0601e-03 4.7581e-02 1.0000e+00
4.8308e-02 2.3052e-01 2.9558e-03 1.7398e-02 7.2803e-04 4.1039e-01 3.7345e-03 2.2551e-02 7.3993e-04 4.0121e-03 4.8950e-02 1.0000e+00
4.9801e-02 2.5331e-01 2.5597e-03 2.2433e-02 6.2401e-04 4.2756e-01 3.1999e-03 2.1930e-02 6.1503e-04 4.4307e-03 5.0530e-02 1.0000e+00
5.1295e-02 2.5342e-01 2.9279e-03 1.7668e-02 6.8836e-04 4.7450e-01 3.8503e-03 1.6461e-02 6.8273e-04 4.6664e-03 5.2144e-02 1.0000e+00
5.2788e-02 2.6512e-01 2.8907e-03 2.0343e-02 6.7786e-04 4.7194e-01 3.6995e-03 1.9930e-02 6.6290e-04 4.5000e-03 5.3476e-02 1.0000e+00
5.4282e-02 3.0796e-01 2.7175e-03 1.7229e-02 5.9433e-04 5.1739e-01 3.3902e-03 1.9637e-02 5.8721e-04 4.0467e-03 5.5083e-02 1.0000e+00
5.5776e-02 3.3291e-01 3.1591e-03 1.9580e-02 7.0295e-04 5.9636e-01 4.1488e-03 1.8395e-02 6.7240e-04 4.2813e-03 5.6593e-02 1.0000e+00
5.7269e-02 3.6912e-01 3.1354e-03 2.1763e-02 6.8855e-04 6.2919e-01 3.9657e-03 2.0431e-02 6.4047e-04 4.1519e-03 5.7960e-02 1.0000e+00
5.8763e-02 4.0348e-01 2.9285e-03 1.4590e-02 6.0294e-04 7.4894e-01 3.8671e-03 1.6253e-02 5.7528e-04 3.9247e-03 5.9519e-02 1.0000e+00
6.0256e-02 4.6758e-01 3.6576e-03 1.8800e-02 7.2148e-04 8.9085e-01 4.8948e-03 1.8925e-02 7.1460e-04 4.1220e-03 6.0992e-02 1.0000e+00
6.1750e-02 5.1404e-01 3.4103e-03 1.9397e-02 6.7247e-04 9.6067e-01 4.5368e-03 1.6826e-02 6.4158e-04 3.9386e-03 6.2451e-02 1.0000e+00
6.3244e-02 6.5248e-01 3.4979e-03 1.8032e-02 6.3882e-04 1.1888e+00 4.6262e-03 1.4915e-02 6.0831e-04 3.9129e-03 6.3983e-02 1.0000e+00
6.4737e-02 8.2502e-01 4.5901e-03 1.7812e-02 7.9634e-04 1.4599e+00 5.9997e-03 1.4068e-02 7.4510e-04 3.9934e-03 6.5486e-02 1.0000e+00
6.6231e-02 9.3075e-01 4.2261e-03 1.3215e-02 7.1241e-04 1.6988e+00 5.5973e-03 1.5398e-02 6.8167e-04 3.9400e-03 6.6894e-02 1.0000e+00
6.7724e-02 1.1738e+00 4.5750e-03 1.2554e-02 7.3366e-04 2.1648e+00 6.1016e-03 1.6063e-02 6.9910e-04 3.7108e-03 6.8459e-02 1.0000e+00
6.9218e-02 1.4011e+00 5.6887e-03 1.3872e-02 8.8956e-04 2.5966e+00 7.6210e-03 1.4129e-02 8.4167e-04 3.9408e-03 7.0011e-02 1.0000e+00
7.0712e-02 1.5743e+00 5.3860e-03 1.2937e-02 8.3170e-04 2.9152e+00 7.2199e-03 8.3130e-03 7.6222e-04 3.8396e-03 7.1385e-02 1.0000e+00
7.2205e-02 1.8343e+00 5.5007e-03 1.3310e-02 8.3657e-04 3.4028e+00 7.3981e-03 1.0289e-02 7.7476e-04 3.6795e-03 7.2975e-02 1.0000e+00
7.3699e-02 2.0750e+00 6.8060e-03 1.0298e-02 1.0037e-03 3.8215e+00 9.1086e-03 4.6558e-03 9.1989e-04 3.9555e-03 7.4430e-02 1.0000e+00
7.5192e-02 2.1904e+00 6.0618e-03 9.2696e-03 8.9315e-04 4.0871e+00 8.1678e-03 7.9918e-03 8.3257e-04 3.6381e-03 7.5857e-02 1.0000e+00
7.6686e-02 2.4303e+00 6.0663e-03 4.0318e-03 8.6754e-04 4.4675e+00 8.1342e-03 -1.6806e-03 7.9008e-04 3.6702e-03 7.7472e-02 1.0000e+00
7.8179e-02 2.4593e+00 7.4867e-03 1.1608e-02 1.0979e-03 4.5665e+00 1.0078e-02 -2.5589e-04 9.8045e-04 3.7939e-03 7.8897e-02 1.0000e+00
7.9673e-02 2.4781e+00 6.0845e-03 1.8501e-03 8.7311e-04 4.6403e+00 8.2210e-03 8.6582e-03 8.2506e-04 3.5689e-03 8.0394e-02 1.0000e+00
8.1167e-02 2.4782e+00 5.9548e-03 5.4848e-03 8.5053e-04 4.5710e+00 7.9903e-03 7.5231e-03 8.0900e-04 3.6611e-03 8.1952e-02 1.0000e+00
8.2660e-02 2.3996e+00 7.3646e-03 1.2520e-02 1.0876e-03 4.4624e+00 9.9267e-03 3.6960e-03 9.8902e-04 3.7377e-03 8.3362e-02 1.0000e+00
8.4154e-02 2.2973e+00 5.5447e-03 8.3497e-03 8.0760e-04 4.2266e+00 7.4288e-03 3.4954e-03 7.4237e-04 3.4944e-03 8.4859e-02 1.0000e+00
8.5647e-02 2.1065e+00 5.3470e-03 5.8717e-03 7.7555e-04 3.8801e+00 7.1648e-03 5.5732e-03 7.1649e-04 3.5611e-03 8.6410e-02 1.0000e+00
8.7141e-02 1.9463e+00 6.6231e-03 1.0188e-02 9.8551e-04 3.5957e+00 8.8884e-03 1.0235e-02 9.1507e-04 3.6524e-03 8.7868e-02 1.0000e+00
8.8635e-02 1.7876e+00 4.7118e-03 9.5895e-03 7.0735e-04 3.3300e+00 6.3445e-03 6.2685e-03 6.5586e-04 3.5052e-03 8.9314e-02 1.0000e+00
9.0128e-02 1.5657e+00 4.5196e-03 9.7292e-03 6.8408e-04 2.8773e+00 6.0355e-03 8.7261e-03 6.3950e-04 3.4079e-03 9.0897e-02 1.0000e+00
9.1622e-02 1.4185e+00 5.5448e-03 1.3519e-02 8.6395e-04 2.6239e+00 7.4282e-03 6.2406e-03 7.9136e-04 3.6127e-03 9.2376e-02 1.0000e+00
9.3115e-02 1.2280e+00 3.7312e-03 7.6272e-03 5.8338e-04 2.2698e+00 4.9864e-03 9.5222e-03 5.4853e-04 3.4176e-03 9.3810e-02 1.0000e+00
9.4609e-02 1.0254e+00 3.8089e-03 9.8312e-03 6.1272e-04 1.9188e+00 5.1078e-03 1.1394e-02 5.8211e-04 3.4095e-03 9.5401e-02 1.0000e+00
9.6103e-02 9.2143e-01 4.1859e-03 1.1765e-02 6.9068e-04 1.7251e+00 5.6268e-03 1.2247e-02 6.5322e-04 3.6145e-03 9.6782e-02 1.0000e+00
9.7596e-02 7.7843e-01 2.9218e-03 1.2304e-02 4.9985e-04 1.4498e+00 3.9036e-03 1.1991e-02 4.7931e-04 3.2445e-03 9.8299e-02 1.0000e+00
9.9090e-02 6.4988e-01 3.0262e-03 1.5414e-02 5.4899e-04 1.2092e+00 4.0398e-03 1.1708e-02 5.1528e-04 3.4027e-03 9.9907e-02 1.0000e+00
1.0058e-01 5.7485e-01 3.2377e-03 1.1059e-02 5.8657e-04 1.0850e+00 4.3239e-03 1.3955e-02 5.6848e-04 3.5093e-03 1.0127e-01 1.0000e+00
1.0208e-01 4.8316e-01 2.2994e-03 1.2649e-02 4.3737e-04 9.0105e-01 3.0390e-03 1.0888e-02 4.1611e-04 3.2316e-03 1.0281e-01 1.0000e+00
1.0357e-01 4.0318e-01 2.3525e-03 1.3846e-02 4.7843e-04 7.4563e-01 3.1009e-03 1.3188e-02 4.6058e-04 3.3793e-03 1.0435e-01 1.0000e+00
1.0506e-01 3.5249e-01 2.4883e-03 1.2185e-02 5.0857e-04 6.5033e-01 3.2603e-03 1.4709e-02 5.1243e-04 3.3550e-03 1.0576e-01 1.0000e+00
1.0656e-01 3.0408e-01 1.8765e-03 1.4311e-02 4.0889e-04 5.6592e-01 2.4616e-03 1.2201e-02 3.8893e-04 3.2333e-03 1.0731e-01 1.0000e+00
1.0805e-01 2.6797e-01 1.9452e-03 1.4543e-02 4.3224e-04 4.7567e-01 2.4960e-03 1.2295e-02 4.3042e-04 3.3011e-03 1.0881e-01 1.0000e+00
1.0954e-01 2.3631e-01 1.9655e-03 1.4513e-02 4.5740e-04 4.3998e-01 2.5551e-03 1.4809e-02 4.4558e-04 3.3249e-03 1.1026e-01 1.0000e+00
1.1104e-01 2.1432e-01 1.6110e-03 1.5972e-02 3.9173e-04 3.8561e-01 2.0574e-03 1.3724e-02 3.7750e-04 3.2279e-03 1.1174e-01 1.0000e+00
1.1253e-01 1.8300e-01 1.6311e-03 1.4352e-02 4.0740e-04 3.4286e-01 2.1021e-03 1.4753e-02 4.0080e-04 3.1858e-03 1.1329e-01 1.0000e+00
1.1403e-01 1.7251e-01 1.6543e-03 1.4871e-02 4.2226e-04 3.1219e-01 2.0894e-03 1.5118e-02 4.1890e-04 3.3347e-03 1.1472e-01 1.0000e+00
1.1552e-01 1.6756e-01 1.4346e-03 1.2355e-02 3.6323e-04 3.1073e-01 1.8453e-03 1.4823e-02 3.6410e-04 3.1008e-03 1.1621e-01 1.0000e+00
1.1701e-01 1.6482e-01 1.5068e-03 1.4835e-02 3.8698e-04 2.8821e-01 1.8644e-03 1.4383e-02 3.8002e-04 3.1604e-03 1.1781e-01 1.0000e+00
1.1851e-01 1.5935e-01 1.5975e-03 1.4379e-02 4.1511e-04 2.7559e-01 1.9981e-03 1.5259e-02 4.0363e-04 3.3052e-03 1.1919e-01 1.0000e+00
1.2000e-01 1.5127e-01 1.3453e-03 1.6635e-02 3.6700e-04 2.6427e-01 1.6880e-03 1.5489e-02 3.5981e-04 3.0169e-03 1.2073e-01 1.0000e+00
