Q, I, DelI, Q_Unc, Q_mean, Shadow
3.5000e-03 3.4927e+02 1.7042e+00 2.7630e-03 4.4950e-03 1.0000e+00
4.9936e-03 5.6776e+01 4.8688e-01 1.7337e-03 5.8761e-03 1.0000e+00
6.4872e-03 2.1468e+01 2.2803e-01 1.3516e-03 7.2406e-03 1.0000e+00
7.9808e-03 8.9160e+00 1.1687e-01 1.1959e-03 8.7221e-03 1.0000e+00
9.4744e-03 4.5623e+00 8.6199e-02 1.1417e-03 1.0241e-02 1.0000e+00
1.0968e-02 2.7984e+00 6.3000e-02 1.0960e-03 1.1724e-02 1.0000e+00
1.2462e-02 1.8003e+00 4.5741e-02 1.0204e-03 1.3212e-02 1.0000e+00
1.3955e-02 1.3203e+00 4.0914e-02 9.8868e-04 1.4715e-02 1.0000e+00
1.5449e-02 9.7731e-01 3.0407e-02 9.3964e-04 1.6212e-02 1.0000e+00
1.6942e-02 7.1701e-01 2.6363e-02 9.1279e-04 1.7702e-02 1.0000e+00
1.8436e-02 5.7169e-01 2.3513e-02 8.8450e-04 1.9181e-02 1.0000e+00
1.9929e-02 4.9975e-01 1.9823e-02 8.3417e-04 2.0686e-02 1.0000e+00
2.1423e-02 4.6472e-01 1.9915e-02 8.3358e-04 2.2184e-02 1.0000e+00
2.2917e-02 3.8765e-01 1.7332e-02 8.0099e-04 2.3659e-02 1.0000e+00
2.4410e-02 3.5846e-01 1.5722e-02 7.6723e-04 2.5162e-02 1.0000e+00
2.5904e-02 3.3404e-01 1.5723e-02 7.6507e-04 2.6659e-02 1.0000e+00
2.7397e-02 2.9620e-01 1.3672e-02 7.3503e-04 2.8148e-02 1.0000e+00
2.8891e-02 2.9624e-01 1.5509e-02 7.4311e-04 2.9635e-02 1.0000e+00
3.0385e-02 2.8630e-01 1.6645e-02 7.5369e-04 3.1120e-02 1.0000e+00
3.1878e-02 2.7143e-01 1.6226e-02 7.7972e-04 3.2616e-02 1.0000e+00
3.3372e-02 2.5193e-01 1.4625e-02 7.9849e-04 3.4099e-02 1.0000e+00
3.6359e-02 2.9251e-01 1.5168e-02 8.7330e-04 3.7092e-02 1.0000e+00
3.7853e-02 2.4801e-01 2.1177e-02 9.3582e-04 3.8577e-02 1.0000e+00
3.9346e-02 3.9808e-01 1.5423e-01 1.1289e-03 4.0078e-02 1.0000e+00
4.2333e-02 3.1103e-01 1.5694e-02 1.5714e-03 4.3053e-02 1.0000e+00
4.3827e-02 2.7619e-01 1.8061e-02 1.8458e-03 4.4559e-02 1.0000e+00
4.5321e-02 2.7812e-01 8.4393e-03 2.4537e-03 4.6027e-02 1.0000e+00
4.6814e-02 2.9726e-01 1.0623e-02 3.0601e-03 4.7581e-02 1.0000e+00
4.8308e-02 2.9588e-01 1.0390e-02 4.0121e-03 4.8950e-02 1.0000e+00
4.9801e-02 3.1152e-01 8.9589e-03 4.4307e-03 5.0530e-02 1.0000e+00
5.1295e-02 3.5546e-01 1.1005e-02 4.6664e-03 5.2144e-02 1.0000e+00
5.2788e-02 3.4778e-01 1.0490e-02 4.5000e-03 5.3476e-02 1.0000e+00
5.4282e-02 3.9271e-01 9.7761e-03 4.0467e-03 5.5083e-02 1.0000e+00
5.5776e-02 4.1089e-01 1.1411e-02 4.2813e-03 5.6593e-02 1.0000e+00
5.7269e-02 4.2429e-01 1.0907e-02 4.1519e-03 5.7960e-02 1.0000e+00
5.8763e-02 5.1351e-01 1.0781e-02 3.9247e-03 5.9519e-02 1.0000e+00
6.0256e-02 5.9413e-01 1.3491e-02 4.1220e-03 6.0992e-02 1.0000e+00
6.1750e-02 6.6223e-01 1.2725e-02 3.9386e-03 6.2451e-02 1.0000e+00
6.3244e-02 7.9720e-01 1.2846e-02 3.9129e-03 6.3983e-02 1.0000e+00
6.4737e-02 9.7213e-01 1.6739e-02 3.9934e-03 6.5486e-02 1.0000e+00
6.6231e-02 1.1196e+00 1.5554e-02 3.9400e-03 6.6894e-02 1.0000e+00
6.7724e-02 1.3574e+00 1.6575e-02 3.7108e-03 6.8459e-02 1.0000e+00
6.9218e-02 1.6586e+00 2.0945e-02 3.9408e-03 7.0011e-02 1.0000e+00
7.0712e-02 1.8691e+00 1.9890e-02 3.8396e-03 7.1385e-02 1.0000e+00
7.2205e-02 2.2488e+00 2.0702e-02 3.6795e-03 7.2975e-02 1.0000e+00
7.3699e-02 2.5017e+00 2.5406e-02 3.9555e-03 7.4430e-02 1.0000e+00
7.5192e-02 2.6385e+00 2.2648e-02 3.6381e-03 7.5857e-02 1.0000e+00
7.6686e-02 2.9095e+00 2.2642e-02 3.6702e-03 7.7472e-02 1.0000e+00
7.8179e-02 2.9039e+00 2.7729e-02 3.7939e-03 7.8897e-02 1.0000e+00
7.9673e-02 3.0562e+00 2.3026e-02 3.5689e-03 8.0394e-02 1.0000e+00
8.1167e-02 3.0119e+00 2.2377e-02 3.6611e-03 8.1952e-02 1.0000e+00
8.2660e-02 2.9310e+00 2.7767e-02 3.7377e-03 8.3362e-02 1.0000e+00
8.4154e-02 2.8225e+00 2.0933e-02 3.4944e-03 8.4859e-02 1.0000e+00
8.5647e-02 2.5656e+00 2.0088e-02 3.5611e-03 8.6410e-02 1.0000e+00
8.7141e-02 2.4109e+00 2.5090e-02 3.6524e-03 8.7868e-02 1.0000e+00
8.8635e-02 2.2073e+00 1.7792e-02 3.5052e-03 8.9314e-02 1.0000e+00
9.0128e-02 1.9207e+00 1.6979e-02 3.4079e-03 9.0897e-02 1.0000e+00
9.1622e-02 1.7644e+00 2.0939e-02 3.6127e-03 9.2376e-02 1.0000e+00
9.3115e-02 1.5210e+00 1.4028e-02 3.4176e-03 9.3810e-02 1.0000e+00
9.4609e-02 1.2855e+00 1.4350e-02 3.4095e-03 9.5401e-02 1.0000e+00
9.6103e-02 1.1415e+00 1.5663e-02 3.6145e-03 9.6782e-02 1.0000e+00
9.7596e-02 9.7498e-01 1.0924e-02 3.2445e-03 9.8299e-02 1.0000e+00
9.9090e-02 8.2744e-01 1.1390e-02 3.4027e-03 9.9907e-02 1.0000e+00
1.0058e-01 7.2666e-01 1.2043e-02 3.5093e-03 1.0127e-01 1.0000e+00
1.0208e-01 6.0666e-01 8.4359e-03 3.2316e-03 1.0281e-01 1.0000e+00
1.0357e-01 5.1561e-01 8.6923e-03 3.3793e-03 1.0435e-01 1.0000e+00
1.0506e-01 4.5934e-01 9.1942e-03 3.3550e-03 1.0576e-01 1.0000e+00
1.0656e-01 3.8865e-01 6.8028e-03 3.2333e-03 1.0731e-01 1.0000e+00
1.0805e-01 3.2161e-01 6.8191e-03 3.3011e-03 1.0881e-01 1.0000e+00
1.0954e-01 3.0829e-01 7.0610e-03 3.3249e-03 1.1026e-01 1.0000e+00
1.1104e-01 2.6027e-01 5.5529e-03 3.2279e-03 1.1174e-01 1.0000e+00
1.1253e-01 2.4458e-01 5.7962e-03 3.1858e-03 1.1329e-01 1.0000e+00
1.1403e-01 2.1807e-01 5.6872e-03 3.3347e-03 1.1472e-01 1.0000e+00
1.1552e-01 2.1211e-01 4.9656e-03 3.1008e-03 1.1621e-01 1.0000e+00
1.1701e-01 1.9723e-01 4.9792e-03 3.1604e-03 1.1781e-01 1.0000e+00
1.1851e-01 1.8718e-01 5.2958e-03 3.3052e-03 1.1919e-01 1.0000e+00
1.2000e-01 1.9097e-01 4.5984e-03 3.0169e-03 1.2073e-01 1.0000e+00
