Q, UU, DelUU, DU, DelDU, DD, DelDD, UD, DelUD, Q_Unc, Q_mean, Shadow
3.5000e-03 1.6135e+02 3.3470e-01 -4.8950e-01 3.7942e-02 2.0180e+02 3.7473e-01 -4.6674e-01 3.6842e-02 2.7630e-03 4.4950e-03 1.0000e+00
4.9936e-03 5.5783e+01 1.1638e-01 -1.8942e-01 1.3526e-02 7.3628e+01 1.3260e-01 -7.8812e-02 1.3157e-02 1.7337e-03 5.8761e-03 1.0000e+00
6.4872e-03 1.7681e+01 4.7683e-02 -2.4286e-02 5.8118e-03 2.2324e+01 5.3239e-02 7.5370e-04 5.7248e-03 1.3516e-03 7.2406e-03 1.0000e+00
7.9808e-03 7.8608e+00 2.7051e-02 -7.0429e-03 3.7109e-03 9.9555e+00 3.0119e-02 1.9623e-02 3.8111e-03 1.1959e-03 8.7221e-03 1.0000e+00
9.4744e-03 4.0796e+00 1.7147e-02 1.4416e-02 2.7231e-03 5.2226e+00 1.9013e-02 2.1019e-02 2.7452e-03 1.1417e-03 1.0241e-02 1.0000e+00
1.0968e-02 2.4307e+00 1.2701e-02 2.8587e-02 2.3547e-03 3.1457e+00 1.4085e-02 4.2045e-02 2.3739e-03 1.0960e-03 1.1724e-02 1.0000e+00
1.2462e-02 1.6159e+00 9.8299e-03 2.1406e-02 2.0910e-03 2.0047e+00 1.0778e-02 2.9696e-02 2.0777e-03 1.0204e-03 1.3212e-02 1.0000e+00
1.3955e-02 1.0807e+00 7.5976e-03 3.5536e-02 1.8517e-03 1.4463e+00 8.5948e-03 3.1089e-02 1.8655e-03 9.8868e-04 1.4715e-02 1.0000e+00
1.5449e-02 8.2429e-01 6.6670e-03 2.9293e-02 1.7340e-03 1.0773e+00 7.3782e-03 2.2229e-02 1.7472e-03 9.3964e-04 1.6212e-02 1.0000e+00
1.6942e-02 6.0229e-01 5.5962e-03 3.2359e-02 1.6357e-03 8.0164e-01 6.3284e-03 3.4586e-02 1.6889e-03 9.1279e-04 1.7702e-02 1.0000e+00
1.8436e-02 5.5128e-01 5.1534e-03 2.8995e-02 1.5469e-03 6.5931e-01 5.4014e-03 2.8684e-02 1.5506e-03 8.8450e-04 1.9181e-02 1.0000e+00
1.9929e-02 4.2989e-01 4.4881e-03 3.6313e-02 1.4834e-03 5.8245e-01 5.0155e-03 2.4728e-02 1.4548e-03 8.3417e-04 2.0686e-02 1.0000e+00
2.1423e-02 3.5415e-01 4.1294e-03 3.2518e-02 1.4507e-03 4.6103e-01 4.4888e-03 3.4459e-02 1.4274e-03 8.3358e-04 2.2184e-02 1.0000e+00
2.2917e-02 3.3047e-01 3.8941e-03 3.6126e-02 1.3842e-03 4.2303e-01 4.1928e-03 3.1426e-02 1.3933e-03 8.0099e-04 2.3659e-02 1.0000e+00
2.4410e-02 3.0542e-01 3.6445e-03 3.1993e-02 1.3132e-03 3.8348e-01 3.9009e-03 4.1510e-02 1.3405e-03 7.6723e-04 2.5162e-02 1.0000e+00
2.5904e-02 2.6999e-01 3.4381e-03 3.2508e-02 1.2770e-03 3.6289e-01 3.7311e-03 2.8902e-02 1.2956e-03 7.6507e-04 2.6659e-02 1.0000e+00
2.7397e-02 2.4333e-01 3.2327e-03 3.5340e-02 1.2392e-03 3.6017e-01 3.6046e-03 2.7907e-02 1.2554e-03 7.3503e-04 2.8148e-02 1.0000e+00
2.8891e-02 2.5995e-01 3.1530e-03 3.8430e-02 1.1909e-03 2.9789e-01 3.3440e-03 3.1665e-02 1.2170e-03 7.4311e-04 2.9635e-02 1.0000e+00
3.0385e-02 2.2675e-01 2.9777e-03 3.4009e-02 1.1792e-03 3.2059e-01 3.2943e-03 2.9973e-02 1.1843e-03 7.5369e-04 3.1120e-02 1.0000e+00
3.1878e-02 2.3464e-01 2.9611e-03 2.7301e-02 1.1279e-03 2.8684e-01 3.1400e-03 3.0017e-02 1.1794e-03 7.7972e-04 3.2616e-02 1.0000e+00
3.3372e-02 2.1634e-01 2.8025e-03 3.6925e-02 1.1066e-03 2.9617e-01 3.0751e-03 2.7953e-02 1.1207e-03 7.9849e-04 3.4099e-02 1.0000e+00
3.6359e-02 2.0990e-01 2.7122e-03 3.1632e-02 1.0748e-03 2.8805e-01 2.9387e-03 2.7157e-02 1.0881e-03 8.7330e-04 3.7092e-02 1.0000e+00
3.7853e-02 2.1716e-01 2.6512e-03 3.9207e-02 1.0540e-03 3.0540e-01 2.9256e-03 2.8065e-02 1.0649e-03 9.3582e-04 3.8577e-02 1.0000e+00
3.9346e-02 2.0719e-01 2.8072e-03 3.2549e-02 1.1073e-03 2.9260e-01 3.0939e-03 2.9623e-02 1.1237e-03 1.1289e-03 4.0078e-02 1.0000e+00
4.2333e-02 2.0845e-01 3.0413e-03 2.9857e-02 1.1834e-03 3.0581e-01 3.3869e-03 2.8433e-02 1.1937e-03 1.5714e-03 4.3053e-02 1.0000e+00
4.3827e-02 2.2380e-01 3.3057e-03 3.5149e-02 1.2921e-03 2.9656e-01 3.6291e-03 3.1528e-02 1.2973e-03 1.8458e-03 4.4559e-02 1.0000e+00
4.5321e-02 2.3462e-01 3.9897e-03 2.5797e-02 1.5412e-03 3.0705e-01 4.3601e-03 2.6508e-02 1.5127e-03 2.4537e-03 4.6027e-02 1.0000e+00
4.6814e-02 2.5416e-01 5.0382e-03 2.8018e-02 1.8366e-03 3.3410e-01 5.5417e-03 3.2395e-02 1.9102e-03 3.0601e-03 4.7581e-02 1.0000e+00
4.8308e-02 2.1756e-01 6.4316e-03 2.1385e-02 2.3284e-03 3.1761e-01 6.9580e-03 8.2640e-03 2.3913e-03 4.0121e-03 4.8950e-02 1.0000e+00
4.9801e-02 2.7236e-01 5.4787e-03 1.8933e-02 1.6422e-03 3.5667e-01 5.8053e-03 1.8062e-02 1.9959e-03 4.4307e-03 5.0530e-02 1.0000e+00
5.1295e-02 2.9591e-01 2.9068e-03 2.3955e-02 6.8976e-04 3.8090e-01 3.3280e-03 2.4782e-02 7.1498e-04 4.6664e-03 5.2144e-02 1.0000e+00
5.2788e-02 3.2115e-01 2.7444e-03 2.2628e-02 6.2226e-04 4.1668e-01 3.0688e-03 2.5919e-02 6.3180e-04 4.5000e-03 5.3476e-02 1.0000e+00
5.4282e-02 3.4294e-01 2.6273e-03 2.3451e-02 6.0547e-04 4.6886e-01 3.0330e-03 2.4573e-02 6.1267e-04 4.0467e-03 5.5083e-02 1.0000e+00
5.5776e-02 3.6285e-01 2.5294e-03 2.2405e-02 5.5033e-04 5.1193e-01 2.9365e-03 2.4035e-02 5.4803e-04 4.2813e-03 5.6593e-02 1.0000e+00
5.7269e-02 4.0205e-01 2.6340e-03 2.2428e-02 5.5749e-04 5.6949e-01 3.1043e-03 1.9878e-02 5.4525e-04 4.1519e-03 5.7960e-02 1.0000e+00
5.8763e-02 4.6270e-01 2.5869e-03 1.7548e-02 5.0848e-04 6.2635e-01 2.9898e-03 2.1940e-02 5.2744e-04 3.9247e-03 5.9519e-02 1.0000e+00
6.0256e-02 5.3044e-01 2.8454e-03 1.8638e-02 5.2441e-04 7.2955e-01 3.3634e-03 2.2749e-02 5.4660e-04 4.1220e-03 6.0992e-02 1.0000e+00
6.1750e-02 6.0783e-01 2.8750e-03 2.3050e-02 5.3443e-04 8.2393e-01 3.3101e-03 2.3759e-02 5.1571e-04 3.9386e-03 6.2451e-02 1.0000e+00
6.3244e-02 7.0269e-01 3.1047e-03 2.4117e-02 5.5674e-04 1.0011e+00 3.6844e-03 2.3725e-02 5.5697e-04 3.9129e-03 6.3983e-02 1.0000e+00
6.4737e-02 8.5917e-01 3.3884e-03 2.1957e-02 5.8394e-04 1.1858e+00 4.0114e-03 2.0972e-02 5.6194e-04 3.9934e-03 6.5486e-02 1.0000e+00
6.6231e-02 1.0401e+00 3.4328e-03 2.5329e-02 5.7210e-04 1.4487e+00 4.0496e-03 2.1059e-02 5.4489e-04 3.9400e-03 6.6894e-02 1.0000e+00
6.7724e-02 1.2651e+00 3.8451e-03 2.4787e-02 6.0801e-04 1.7419e+00 4.5236e-03 2.4915e-02 5.9394e-04 3.7108e-03 6.8459e-02 1.0000e+00
6.9218e-02 1.5333e+00 3.9630e-03 2.3394e-02 6.0321e-04 2.0687e+00 4.5776e-03 2.0109e-02 5.7961e-04 3.9408e-03 7.0011e-02 1.0000e+00
7.0712e-02 1.7710e+00 4.3917e-03 2.4764e-02 6.5390e-04 2.4373e+00 5.1301e-03 2.3713e-02 6.3153e-04 3.8396e-03 7.1385e-02 1.0000e+00
7.2205e-02 2.0745e+00 4.3675e-03 2.8724e-02 6.3874e-04 2.8287e+00 5.0484e-03 2.5348e-02 6.1673e-04 3.6795e-03 7.2975e-02 1.0000e+00
7.3699e-02 2.3261e+00 4.5629e-03 2.6482e-02 6.5441e-04 3.1595e+00 5.2763e-03 2.3687e-02 6.2241e-04 3.9555e-03 7.4430e-02 1.0000e+00
7.5192e-02 2.5717e+00 4.8625e-03 2.5249e-02 6.7848e-04 3.4737e+00 5.5949e-03 2.2206e-02 6.4903e-04 3.6381e-03 7.5857e-02 1.0000e+00
7.6686e-02 2.7216e+00 4.9326e-03 2.8649e-02 6.9476e-04 3.7417e+00 5.7236e-03 2.2886e-02 6.6172e-04 3.6702e-03 7.7472e-02 1.0000e+00
7.8179e-02 2.8858e+00 4.6136e-03 2.8283e-02 6.4492e-04 3.9196e+00 5.3238e-03 2.3911e-02 6.1990e-04 3.7939e-03 7.8897e-02 1.0000e+00
7.9673e-02 2.9381e+00 5.1870e-03 2.9980e-02 7.2235e-04 4.0127e+00 6.0045e-03 2.5834e-02 6.9253e-04 3.5689e-03 8.0394e-02 1.0000e+00
8.1167e-02 2.9419e+00 4.7609e-03 2.9693e-02 6.6091e-04 3.9736e+00 5.4758e-03 2.3450e-02 6.2846e-04 3.6611e-03 8.1952e-02 1.0000e+00
8.2660e-02 2.8390e+00 4.9101e-03 2.5373e-02 6.7930e-04 3.9011e+00 5.6944e-03 2.6632e-02 6.5793e-04 3.7377e-03 8.3362e-02 1.0000e+00
8.4154e-02 2.7514e+00 4.4607e-03 2.4062e-02 6.1721e-04 3.7355e+00 5.1443e-03 2.2919e-02 5.9360e-04 3.4944e-03 8.4859e-02 1.0000e+00
8.5647e-02 2.5557e+00 4.6060e-03 2.3627e-02 6.4174e-04 3.5084e+00 5.3417e-03 2.5209e-02 6.2305e-04 3.5611e-03 8.6410e-02 1.0000e+00
8.7141e-02 2.3660e+00 4.1828e-03 2.6163e-02 5.9412e-04 3.2181e+00 4.8318e-03 2.0923e-02 5.6830e-04 3.6524e-03 8.7868e-02 1.0000e+00
8.8635e-02 2.1476e+00 3.9106e-03 2.1490e-02 5.5836e-04 2.9656e+00 4.5430e-03 1.9543e-02 5.3807e-04 3.5052e-03 8.9314e-02 1.0000e+00
9.0128e-02 1.9423e+00 3.8407e-03 2.1927e-02 5.5300e-04 2.6227e+00 4.4137e-03 2.4353e-02 5.4137e-04 3.4079e-03 9.0897e-02 1.0000e+00
9.1622e-02 1.7155e+00 3.5040e-03 2.0135e-02 5.1169e-04 2.3488e+00 4.0518e-03 1.9212e-02 4.9097e-04 3.6127e-03 9.2376e-02 1.0000e+00
9.3115e-02 1.4919e+00 3.3369e-03 2.1558e-02 5.0088e-04 2.0288e+00 3.8484e-03 1.9722e-02 4.8200e-04 3.4176e-03 9.3810e-02 1.0000e+00
9.4609e-02 1.3328e+00 3.0614e-03 1.9512e-02 4.6249e-04 1.8165e+00 3.5341e-03 1.8047e-02 4.4978e-04 3.4095e-03 9.5401e-02 1.0000e+00
9.6103e-02 1.1313e+00 2.8035e-03 2.1019e-02 4.4410e-04 1.5363e+00 3.2269e-03 2.0038e-02 4.2996e-04 3.6145e-03 9.6782e-02 1.0000e+00
9.7596e-02 9.6702e-01 2.6321e-03 1.9629e-02 4.2400e-04 1.3309e+00 3.0372e-03 1.9097e-02 4.1791e-04 3.2445e-03 9.8299e-02 1.0000e+00
9.9090e-02 8.3913e-01 2.3439e-03 1.9874e-02 3.9178e-04 1.1433e+00 2.6907e-03 1.6279e-02 3.7680e-04 3.4027e-03 9.9907e-02 1.0000e+00
1.0058e-01 7.0684e-01 2.2179e-03 1.7976e-02 3.8168e-04 9.5821e-01 2.5431e-03 1.6726e-02 3.7372e-04 3.5093e-03 1.0127e-01 1.0000e+00
1.0208e-01 6.0592e-01 2.0597e-03 1.7076e-02 3.6746e-04 8.3521e-01 2.3836e-03 1.5668e-02 3.5282e-04 3.2316e-03 1.0281e-01 1.0000e+00
1.0357e-01 5.0077e-01 1.8546e-03 1.5206e-02 3.4722e-04 7.0198e-01 2.1552e-03 1.7812e-02 3.4168e-04 3.3793e-03 1.0435e-01 1.0000e+00
1.0506e-01 4.3869e-01 1.7171e-03 1.6602e-02 3.3040e-04 5.8643e-01 1.9496e-03 1.5599e-02 3.2422e-04 3.3550e-03 1.0576e-01 1.0000e+00
1.0656e-01 3.7406e-01 1.5871e-03 1.6384e-02 3.2062e-04 5.1469e-01 1.8185e-03 1.5171e-02 3.1549e-04 3.2333e-03 1.0731e-01 1.0000e+00
1.0805e-01 3.1918e-01 1.5139e-03 1.6162e-02 3.2294e-04 4.5860e-01 1.7634e-03 1.6442e-02 3.1236e-04 3.3011e-03 1.0881e-01 1.0000e+00
1.0954e-01 2.9117e-01 1.3956e-03 1.6078e-02 3.0209e-04 3.9737e-01 1.5853e-03 1.6517e-02 3.0368e-04 3.3249e-03 1.1026e-01 1.0000e+00
1.1104e-01 2.5186e-01 1.3318e-03 1.7395e-02 3.0203e-04 3.4838e-01 1.5279e-03 1.5003e-02 2.9390e-04 3.2279e-03 1.1174e-01 1.0000e+00
1.1253e-01 2.2419e-01 1.2368e-03 1.5387e-02 2.8774e-04 3.1270e-01 1.4124e-03 1.7656e-02 2.9038e-04 3.1858e-03 1.1329e-01 1.0000e+00
1.1403e-01 2.1407e-01 1.2222e-03 1.5956e-02 2.9060e-04 2.8526e-01 1.3761e-03 1.4930e-02 2.8369e-04 3.3347e-03 1.1472e-01 1.0000e+00
1.1552e-01 1.9679e-01 1.1501e-03 1.6533e-02 2.7983e-04 2.6621e-01 1.3019e-03 1.4877e-02 2.7839e-04 3.1008e-03 1.1621e-01 1.0000e+00
1.1701e-01 1.8447e-01 1.1306e-03 1.5872e-02 2.7499e-04 2.5658e-01 1.2820e-03 1.5521e-02 2.7981e-04 3.1604e-03 1.1781e-01 1.0000e+00
1.1851e-01 1.7694e-01 1.0783e-03 1.5601e-02 2.6725e-04 2.4575e-01 1.2249e-03 1.7370e-02 2.7034e-04 3.3052e-03 1.1919e-01 1.0000e+00
1.2000e-01 1.7828e-01 1.1205e-03 1.5479e-02 2.7920e-04 2.4839e-01 1.2665e-03 1.7406e-02 2.8323e-04 3.0169e-03 1.2073e-01 1.0000e+00
