Q, UU, DelUU, DU, DelDU, DD, DelDD, UD, DelUD, Q_Unc, Q_mean, Shadow
3.5000e-03 2.4479e+02 2.0356e-01 -1.2203e+00 2.3310e-02 3.3492e+02 2.4134e-01 -9.4712e-01 2.2345e-02 2.7630e-03 4.4950e-03 1.0000e+00
4.9936e-03 5.3456e+01 6.1219e-02 -2.6372e-01 7.0895e-03 7.2898e+01 7.1846e-02 -1.8961e-01 6.8552e-03 1.7337e-03 5.8761e-03 1.0000e+00
6.4872e-03 1.7811e+01 2.6975e-02 -6.5929e-02 3.2555e-03 2.3751e+01 3.1334e-02 -5.1214e-02 3.1531e-03 1.3516e-03 7.2406e-03 1.0000e+00
7.9808e-03 7.9097e+00 1.5621e-02 -1.2040e-02 2.1037e-03 1.0536e+01 1.8144e-02 -3.0247e-03 2.0472e-03 1.1959e-03 8.7221e-03 1.0000e+00
9.4744e-03 4.0820e+00 1.0397e-02 3.5460e-03 1.5491e-03 5.3929e+00 1.1989e-02 1.2672e-02 1.5746e-03 1.1417e-03 1.0241e-02 1.0000e+00
1.0968e-02 2.4105e+00 7.7111e-03 1.2443e-02 1.3345e-03 3.2464e+00 8.9271e-03 2.1374e-02 1.3478e-03 1.0960e-03 1.1724e-02 1.0000e+00
1.2462e-02 1.5807e+00 5.8396e-03 1.9434e-02 1.1494e-03 2.1159e+00 6.7211e-03 2.0419e-02 1.1539e-03 1.0204e-03 1.3212e-02 1.0000e+00
1.3955e-02 1.0927e+00 4.6407e-03 3.2891e-02 1.0744e-03 1.4570e+00 5.3320e-03 2.8091e-02 1.0655e-03 9.8868e-04 1.4715e-02 1.0000e+00
1.5449e-02 8.0941e-01 3.8941e-03 2.7945e-02 9.9232e-04 1.0871e+00 4.4977e-03 2.5913e-02 9.8741e-04 9.3964e-04 1.6212e-02 1.0000e+00
1.6942e-02 6.3945e-01 3.4142e-03 3.1757e-02 9.3422e-04 8.3905e-01 3.8585e-03 2.5812e-02 9.3744e-04 9.1279e-04 1.7702e-02 1.0000e+00
1.8436e-02 5.3603e-01 3.0344e-03 3.1862e-02 8.7917e-04 6.7047e-01 3.3247e-03 2.7740e-02 8.9010e-04 8.8450e-04 1.9181e-02 1.0000e+00
1.9929e-02 4.2675e-01 2.6510e-03 3.2109e-02 8.3489e-04 5.8585e-01 3.0175e-03 2.7173e-02 8.4286e-04 8.3417e-04 2.0686e-02 1.0000e+00
2.1423e-02 3.5416e-01 2.4497e-03 3.4952e-02 8.2114e-04 4.7384e-01 2.7195e-03 2.9065e-02 8.2116e-04 8.3358e-04 2.2184e-02 1.0000e+00
2.2917e-02 3.2089e-01 2.2749e-03 3.2784e-02 7.8402e-04 4.3495e-01 2.5231e-03 2.9343e-02 7.9794e-04 8.0099e-04 2.3659e-02 1.0000e+00
2.4410e-02 2.9905e-01 2.1160e-03 2.8961e-02 7.4480e-04 3.9426e-01 2.3373e-03 2.9745e-02 7.6195e-04 7.6723e-04 2.5162e-02 1.0000e+00
2.5904e-02 2.7089e-01 2.0395e-03 3.3502e-02 7.4312e-04 3.7041e-01 2.2526e-03 2.8213e-02 7.4348e-04 7.6507e-04 2.6659e-02 1.0000e+00
2.7397e-02 2.4394e-01 1.8916e-03 2.9385e-02 7.0984e-04 3.4825e-01 2.1164e-03 2.8969e-02 7.2144e-04 7.3503e-04 2.8148e-02 1.0000e+00
2.8891e-02 2.4972e-01 1.8545e-03 3.8120e-02 7.0711e-04 3.1237e-01 2.0072e-03 3.2713e-02 7.2135e-04 7.4311e-04 2.9635e-02 1.0000e+00
3.0385e-02 2.4104e-01 1.8225e-03 3.0717e-02 7.0353e-04 3.1737e-01 1.9801e-03 3.0851e-02 7.1996e-04 7.5369e-04 3.1120e-02 1.0000e+00
3.1878e-02 2.3204e-01 1.8775e-03 2.9183e-02 7.2120e-04 3.0095e-01 2.0041e-03 2.9066e-02 7.4389e-04 7.7972e-04 3.2616e-02 1.0000e+00
3.3372e-02 2.1931e-01 1.8615e-03 3.4266e-02 7.3650e-04 3.0296e-01 2.0434e-03 2.9905e-02 7.5409e-04 7.9849e-04 3.4099e-02 1.0000e+00
3.4865e-02 2.1509e-01 1.9224e-03 3.3541e-02 7.5343e-04 3.0549e-01 2.1373e-03 3.1077e-02 7.7835e-04 8.3712e-04 3.5605e-02 1.0000e+00
3.6359e-02 2.0760e-01 1.9431e-03 3.0768e-02 7.6674e-04 3.0019e-01 2.1489e-03 2.7917e-02 7.7325e-04 8.7330e-04 3.7092e-02 1.0000e+00
3.7853e-02 2.1350e-01 2.0288e-03 3.3712e-02 8.0332e-04 3.0869e-01 2.2649e-03 2.7484e-02 8.0976e-04 9.3582e-04 3.8577e-02 1.0000e+00
3.9346e-02 2.0054e-01 2.2446e-03 2.8890e-02 8.8392e-04 3.0164e-01 2.5105e-03 2.9154e-02 8.9689e-04 1.1289e-03 4.0078e-02 1.0000e+00
4.0840e-02 2.1617e-01 2.5125e-03 2.8203e-02 9.7983e-04 3.0287e-01 2.7881e-03 2.6848e-02 9.8739e-04 1.2418e-03 4.1542e-02 1.0000e+00
4.2333e-02 2.0973e-01 2.5391e-03 2.8638e-02 9.9042e-04 3.0664e-01 2.8357e-03 2.7305e-02 9.9966e-04 1.5714e-03 4.3053e-02 1.0000e+00
4.3827e-02 2.2596e-01 2.7962e-03 3.3508e-02 1.0852e-03 2.9815e-01 3.0718e-03 3.0912e-02 1.0885e-03 1.8458e-03 4.4559e-02 1.0000e+00
4.5321e-02 2.3258e-01 2.6127e-03 2.5386e-02 9.9872e-04 3.1966e-01 2.8711e-03 2.5612e-02 9.8083e-04 2.4537e-03 4.6027e-02 1.0000e+00
4.6814e-02 2.5150e-01 2.7360e-03 2.5311e-02 9.7793e-04 3.4438e-01 3.0315e-03 2.9022e-02 1.0170e-03 3.0601e-03 4.7581e-02 1.0000e+00
4.8308e-02 2.3971e-01 2.6048e-03 2.1633e-02 8.9685e-04 3.5601e-01 2.8811e-03 1.6908e-02 9.1663e-04 4.0121e-03 4.8950e-02 1.0000e+00
4.9801e-02 2.7176e-01 1.5006e-03 2.2295e-02 3.9364e-04 3.8593e-01 1.7355e-03 2.3095e-02 4.3668e-04 4.4307e-03 5.0530e-02 1.0000e+00
5.1295e-02 2.8060e-01 1.3908e-03 2.0128e-02 3.2376e-04 4.2146e-01 1.7091e-03 2.2061e-02 3.3012e-04 4.6664e-03 5.2144e-02 1.0000e+00
5.2788e-02 3.0675e-01 1.3871e-03 2.0762e-02 3.1134e-04 4.3468e-01 1.6518e-03 2.3655e-02 3.2030e-04 4.5000e-03 5.3476e-02 1.0000e+00
5.4282e-02 3.3346e-01 1.3150e-03 2.1700e-02 2.9431e-04 4.7844e-01 1.5706e-03 2.1938e-02 2.9185e-04 4.0467e-03 5.5083e-02 1.0000e+00
5.5776e-02 3.5883e-01 1.4345e-03 2.1260e-02 3.1082e-04 5.3227e-01 1.7443e-03 2.1184e-02 3.0449e-04 4.2813e-03 5.6593e-02 1.0000e+00
5.7269e-02 4.0303e-01 1.4265e-03 2.1285e-02 2.9825e-04 5.7459e-01 1.7155e-03 2.0112e-02 2.8797e-04 4.1519e-03 5.7960e-02 1.0000e+00
5.8763e-02 4.3896e-01 1.4486e-03 1.7751e-02 2.9231e-04 6.7032e-01 1.7911e-03 1.9905e-02 2.8996e-04 3.9247e-03 5.9519e-02 1.0000e+00
6.0256e-02 5.1728e-01 1.5658e-03 1.9458e-02 2.9837e-04 7.5191e-01 1.9157e-03 2.0509e-02 2.9827e-04 4.1220e-03 6.0992e-02 1.0000e+00
6.1750e-02 5.8849e-01 1.6079e-03 2.1246e-02 3.0448e-04 8.7177e-01 1.9782e-03 1.9958e-02 2.9272e-04 3.9386e-03 6.2451e-02 1.0000e+00
6.3244e-02 6.9524e-01 1.7494e-03 2.1070e-02 3.1535e-04 1.0561e+00 2.1807e-03 1.8372e-02 3.0407e-04 3.9129e-03 6.3983e-02 1.0000e+00
6.4737e-02 8.6779e-01 1.9050e-03 1.9504e-02 3.2307e-04 1.2443e+00 2.3275e-03 1.8640e-02 3.1141e-04 3.9934e-03 6.5486e-02 1.0000e+00
6.6231e-02 1.0072e+00 2.0791e-03 2.0110e-02 3.4836e-04 1.5387e+00 2.6057e-03 1.8408e-02 3.3038e-04 3.9400e-03 6.6894e-02 1.0000e+00
6.7724e-02 1.2537e+00 2.1302e-03 1.9207e-02 3.3861e-04 1.8739e+00 2.6681e-03 1.8143e-02 3.2134e-04 3.7108e-03 6.8459e-02 1.0000e+00
6.9218e-02 1.5208e+00 2.4363e-03 1.7577e-02 3.7155e-04 2.2315e+00 3.0320e-03 1.7338e-02 3.5591e-04 3.9408e-03 7.0011e-02 1.0000e+00
7.0712e-02 1.7288e+00 2.5917e-03 1.9156e-02 3.9241e-04 2.6362e+00 3.2732e-03 1.5685e-02 3.6451e-04 3.8396e-03 7.1385e-02 1.0000e+00
7.2205e-02 2.0421e+00 2.6396e-03 1.8610e-02 3.8776e-04 3.0141e+00 3.2999e-03 1.6240e-02 3.6462e-04 3.6795e-03 7.2975e-02 1.0000e+00
7.3699e-02 2.2682e+00 2.9680e-03 1.8084e-02 4.3015e-04 3.3854e+00 3.7227e-03 1.4985e-02 4.0247e-04 3.9555e-03 7.4430e-02 1.0000e+00
7.5192e-02 2.4880e+00 2.8510e-03 1.6842e-02 4.0637e-04 3.6738e+00 3.5685e-03 1.5191e-02 3.8413e-04 3.6381e-03 7.5857e-02 1.0000e+00
7.6686e-02 2.6877e+00 2.9844e-03 1.5657e-02 4.2036e-04 3.9838e+00 3.7431e-03 1.0646e-02 3.8985e-04 3.6702e-03 7.7472e-02 1.0000e+00
7.8179e-02 2.8011e+00 3.0821e-03 1.8760e-02 4.3489e-04 4.0924e+00 3.8326e-03 1.4375e-02 4.0636e-04 3.7939e-03 7.8897e-02 1.0000e+00
7.9673e-02 2.8327e+00 2.9588e-03 1.4069e-02 4.1253e-04 4.1644e+00 3.7024e-03 1.5037e-02 3.9269e-04 3.5689e-03 8.0394e-02 1.0000e+00
8.1167e-02 2.7761e+00 3.0300e-03 1.6376e-02 4.2486e-04 4.1884e+00 3.8218e-03 1.3639e-02 4.0297e-04 3.6611e-03 8.1952e-02 1.0000e+00
8.2660e-02 2.7993e+00 2.9503e-03 1.7202e-02 4.1387e-04 3.9730e+00 3.6321e-03 1.4491e-02 3.9034e-04 3.7377e-03 8.3362e-02 1.0000e+00
8.4154e-02 2.6076e+00 2.7636e-03 1.4186e-02 3.8851e-04 3.8750e+00 3.4646e-03 1.2083e-02 3.6600e-04 3.4944e-03 8.4859e-02 1.0000e+00
8.5647e-02 2.4253e+00 2.6976e-03 1.3672e-02 3.8092e-04 3.6016e+00 3.3822e-03 1.4095e-02 3.6025e-04 3.5611e-03 8.6410e-02 1.0000e+00
8.7141e-02 2.2957e+00 2.5831e-03 1.7182e-02 3.6975e-04 3.2582e+00 3.1748e-03 1.6608e-02 3.5166e-04 3.6524e-03 8.7868e-02 1.0000e+00
8.8635e-02 2.0285e+00 2.4551e-03 1.4828e-02 3.5736e-04 3.0577e+00 3.0915e-03 1.2247e-02 3.3586e-04 3.5052e-03 8.9314e-02 1.0000e+00
9.0128e-02 1.8565e+00 2.2243e-03 1.4376e-02 3.2295e-04 2.6718e+00 2.7471e-03 1.3842e-02 3.0843e-04 3.4079e-03 9.0897e-02 1.0000e+00
9.1622e-02 1.6579e+00 2.1738e-03 1.4855e-02 3.2091e-04 2.3734e+00 2.6743e-03 1.2650e-02 3.0627e-04 3.6127e-03 9.2376e-02 1.0000e+00
9.3115e-02 1.4201e+00 1.9816e-03 1.3925e-02 3.0154e-04 2.0968e+00 2.4764e-03 1.2796e-02 2.8500e-04 3.4176e-03 9.3810e-02 1.0000e+00
9.4609e-02 1.2328e+00 1.8065e-03 1.5002e-02 2.8080e-04 1.8074e+00 2.2441e-03 1.4443e-02 2.6963e-04 3.4095e-03 9.5401e-02 1.0000e+00
9.6103e-02 1.0798e+00 1.7731e-03 1.6682e-02 2.8456e-04 1.5744e+00 2.1935e-03 1.4898e-02 2.7157e-04 3.6145e-03 9.6782e-02 1.0000e+00
9.7596e-02 9.1847e-01 1.4996e-03 1.4242e-02 2.4515e-04 1.3341e+00 1.8543e-03 1.4617e-02 2.3808e-04 3.2445e-03 9.8299e-02 1.0000e+00
9.9090e-02 7.6897e-01 1.4293e-03 1.7391e-02 2.4917e-04 1.1309e+00 1.7708e-03 1.4953e-02 2.3896e-04 3.4027e-03 9.9907e-02 1.0000e+00
1.0058e-01 6.8441e-01 1.3622e-03 1.4309e-02 2.3667e-04 9.7771e-01 1.6635e-03 1.4700e-02 2.3115e-04 3.5093e-03 1.0127e-01 1.0000e+00
1.0208e-01 5.5962e-01 1.1834e-03 1.4501e-02 2.1714e-04 8.3584e-01 1.4695e-03 1.3591e-02 2.0874e-04 3.2316e-03 1.0281e-01 1.0000e+00
1.0357e-01 4.7153e-01 1.1357e-03 1.5172e-02 2.2279e-04 7.0142e-01 1.4017e-03 1.5534e-02 2.1458e-04 3.3793e-03 1.0435e-01 1.0000e+00
1.0506e-01 4.2246e-01 1.0354e-03 1.4733e-02 2.0281e-04 5.9246e-01 1.2430e-03 1.5100e-02 2.0279e-04 3.3550e-03 1.0576e-01 1.0000e+00
1.0656e-01 3.5221e-01 9.5496e-04 1.4752e-02 1.9979e-04 5.2494e-01 1.1778e-03 1.3676e-02 1.9447e-04 3.2333e-03 1.0731e-01 1.0000e+00
1.0805e-01 3.0899e-01 9.0336e-04 1.5796e-02 1.9618e-04 4.5162e-01 1.0964e-03 1.4300e-02 1.9238e-04 3.3011e-03 1.0881e-01 1.0000e+00
1.0954e-01 2.7512e-01 8.5303e-04 1.5516e-02 1.9006e-04 3.9655e-01 1.0295e-03 1.5101e-02 1.8704e-04 3.3249e-03 1.1026e-01 1.0000e+00
1.1104e-01 2.4042e-01 8.0897e-04 1.5471e-02 1.8951e-04 3.5635e-01 9.8132e-04 1.4143e-02 1.8459e-04 3.2279e-03 1.1174e-01 1.0000e+00
1.1253e-01 2.1914e-01 7.4428e-04 1.4842e-02 1.7766e-04 3.1448e-01 8.8986e-04 1.5998e-02 1.7697e-04 3.1858e-03 1.1329e-01 1.0000e+00
1.1403e-01 2.0241e-01 7.5459e-04 1.5179e-02 1.8384e-04 2.8918e-01 8.9552e-04 1.5277e-02 1.8303e-04 3.3347e-03 1.1472e-01 1.0000e+00
1.1552e-01 1.8986e-01 6.9382e-04 1.4152e-02 1.7158e-04 2.7736e-01 8.3485e-04 1.4894e-02 1.7189e-04 3.1008e-03 1.1621e-01 1.0000e+00
1.1701e-01 1.8183e-01 6.9242e-04 1.4861e-02 1.7262e-04 2.6252e-01 8.1895e-04 1.4728e-02 1.7131e-04 3.1604e-03 1.1781e-01 1.0000e+00
1.1851e-01 1.7568e-01 6.9901e-04 1.4689e-02 1.7710e-04 2.4780e-01 8.2447e-04 1.5536e-02 1.7493e-04 3.3052e-03 1.1919e-01 1.0000e+00
1.2000e-01 1.7359e-01 6.4938e-04 1.5740e-02 1.6794e-04 2.4582e-01 7.6588e-04 1.5674e-02 1.6657e-04 3.0169e-03 1.2073e-01 1.0000e+00
